0.00000e+00	3.14159e+00	1.00000e+00	0.00000e+00	-0.00000e+00	-4.97673e-01	1.05564e-16	-6.46392e-33	0.00000e+00	-0.00000e+00	0.00000e+00	-0.00000e+00
5.00000e-01	3.08228e+00	1.00000e+00	0.00000e+00	-0.00000e+00	-4.95049e-01	5.10101e-02	-1.51463e-03	0.00000e+00	-0.00000e+00	0.00000e+00	-0.00000e+00
1.00000e+00	3.02347e+00	1.00000e+00	0.00000e+00	-0.00000e+00	-4.87305e-01	1.00876e-01	-5.98568e-03	0.00000e+00	-0.00000e+00	0.00000e+00	-0.00000e+00
1.50000e+00	2.96566e+00	1.00000e+00	0.00000e+00	-0.00000e+00	-4.74804e-01	1.48542e-01	-1.32032e-02	0.00000e+00	-0.00000e+00	0.00000e+00	-0.00000e+00
2.00000e+00	2.90929e+00	1.00000e+00	0.00000e+00	-0.00000e+00	-4.58106e-01	1.93120e-01	-2.28439e-02	0.00000e+00	-0.00000e+00	0.00000e+00	-0.00000e+00
2.50000e+00	2.85473e+00	1.00000e+00	0.00000e+00	-0.00000e+00	-4.37908e-01	2.33932e-01	-3.45054e-02	0.00000e+00	-0.00000e+00	0.00000e+00	-0.00000e+00
3.00000e+00	2.80229e+00	1.00000e+00	0.00000e+00	-0.00000e+00	-4.14977e-01	2.70542e-01	-4.77444e-02	0.00000e+00	-0.00000e+00	0.00000e+00	-0.00000e+00
3.50000e+00	2.75220e+00	1.00000e+00	0.00000e+00	-0.00000e+00	-3.90089e-01	3.02738e-01	-6.21133e-02	0.00000e+00	-0.00000e+00	0.00000e+00	-0.00000e+00
4.00000e+00	2.70462e+00	1.00000e+00	0.00000e+00	-0.00000e+00	-3.63977e-01	3.30515e-01	-7.71890e-02	0.00000e+00	-0.00000e+00	0.00000e+00	-0.00000e+00
4.50000e+00	2.65964e+00	1.00000e+00	0.00000e+00	-0.00000e+00	-3.37294e-01	3.54030e-01	-9.25945e-02	0.00000e+00	-0.00000e+00	0.00000e+00	-0.00000e+00
5.00000e+00	2.61729e+00	1.00000e+00	0.00000e+00	-0.00000e+00	-3.10593e-01	3.73556e-01	-1.08011e-01	0.00000e+00	-0.00000e+00	0.00000e+00	-0.00000e+00
5.50000e+00	2.57755e+00	1.00000e+00	0.00000e+00	-0.00000e+00	-2.84319e-01	3.89445e-01	-1.23180e-01	0.00000e+00	-0.00000e+00	0.00000e+00	-0.00000e+00
6.00000e+00	2.54037e+00	1.00000e+00	0.00000e+00	-0.00000e+00	-2.58816e-01	4.02088e-01	-1.37904e-01	0.00000e+00	-0.00000e+00	0.00000e+00	-0.00000e+00
6.50000e+00	2.50565e+00	1.00000e+00	0.00000e+00	-0.00000e+00	-2.34331e-01	4.11887e-01	-1.52040e-01	0.00000e+00	-0.00000e+00	0.00000e+00	-0.00000e+00
7.00000e+00	2.47329e+00	1.00000e+00	0.00000e+00	-0.00000e+00	-2.11033e-01	4.19232e-01	-1.65492e-01	0.00000e+00	-0.00000e+00	0.00000e+00	-0.00000e+00
7.50000e+00	2.44317e+00	1.00000e+00	0.00000e+00	-0.00000e+00	-1.89022e-01	4.24492e-01	-1.78200e-01	0.00000e+00	-0.00000e+00	0.00000e+00	-0.00000e+00
8.00000e+00	2.41518e+00	1.00000e+00	0.00000e+00	-0.00000e+00	-1.68347e-01	4.28002e-01	-1.90136e-01	0.00000e+00	-0.00000e+00	0.00000e+00	-0.00000e+00
8.50000e+00	2.38917e+00	1.00000e+00	0.00000e+00	-0.00000e+00	-1.49016e-01	4.30060e-01	-2.01297e-01	0.00000e+00	-0.00000e+00	0.00000e+00	-0.00000e+00
9.00000e+00	2.36502e+00	1.00000e+00	0.00000e+00	-0.00000e+00	-1.31007e-01	4.30930e-01	-2.11694e-01	0.00000e+00	-0.00000e+00	0.00000e+00	-0.00000e+00
9.50000e+00	2.34261e+00	1.00000e+00	0.00000e+00	-0.00000e+00	-1.14279e-01	4.30838e-01	-2.21352e-01	0.00000e+00	-0.00000e+00	0.00000e+00	-0.00000e+00
1.00000e+01	2.32182e+00	1.00000e+00	0.00000e+00	-0.00000e+00	-9.87752e-02	4.29979e-01	-2.30304e-01	0.00000e+00	-0.00000e+00	0.00000e+00	-0.00000e+00
1.05000e+01	2.30253e+00	1.00000e+00	0.00000e+00	-0.00000e+00	-8.44308e-02	4.28517e-01	-2.38585e-01	0.00000e+00	-0.00000e+00	0.00000e+00	-0.00000e+00
1.10000e+01	2.28463e+00	1.00000e+00	0.00000e+00	-0.00000e+00	-7.11768e-02	4.26590e-01	-2.46237e-01	0.00000e+00	-0.00000e+00	0.00000e+00	-0.00000e+00
1.15000e+01	2.26803e+00	1.00000e+00	0.00000e+00	-0.00000e+00	-5.89425e-02	4.24314e-01	-2.53301e-01	0.00000e+00	-0.00000e+00	0.00000e+00	-0.00000e+00
1.20000e+01	2.25263e+00	1.00000e+00	0.00000e+00	-0.00000e+00	-4.76577e-02	4.21785e-01	-2.59816e-01	0.00000e+00	-0.00000e+00	0.00000e+00	-0.00000e+00
1.25000e+01	2.23834e+00	1.00000e+00	0.00000e+00	-0.00000e+00	-3.72544e-02	4.19081e-01	-2.65823e-01	0.00000e+00	-0.00000e+00	0.00000e+00	-0.00000e+00
1.30000e+01	2.22509e+00	1.00000e+00	0.00000e+00	-0.00000e+00	-2.76676e-02	4.16266e-01	-2.71358e-01	0.00000e+00	-0.00000e+00	0.00000e+00	-0.00000e+00
1.35000e+01	2.21280e+00	1.00000e+00	0.00000e+00	-0.00000e+00	-1.88357e-02	4.13394e-01	-2.76457e-01	0.00000e+00	-0.00000e+00	0.00000e+00	-0.00000e+00
1.40000e+01	2.20140e+00	1.00000e+00	0.00000e+00	-0.00000e+00	-1.07013e-02	4.10508e-01	-2.81153e-01	0.00000e+00	-0.00000e+00	0.00000e+00	-0.00000e+00
1.45000e+01	2.19083e+00	1.00000e+00	0.00000e+00	-0.00000e+00	-3.21064e-03	4.07640e-01	-2.85478e-01	0.00000e+00	-0.00000e+00	0.00000e+00	-0.00000e+00
1.50000e+01	2.18103e+00	1.00000e+00	0.00000e+00	-0.00000e+00	3.68581e-03	4.04818e-01	-2.89459e-01	0.00000e+00	-0.00000e+00	0.00000e+00	-0.00000e+00
1.55000e+01	2.17195e+00	1.00000e+00	0.00000e+00	-0.00000e+00	1.00338e-02	4.02064e-01	-2.93124e-01	0.00000e+00	-0.00000e+00	0.00000e+00	-0.00000e+00
1.60000e+01	2.16353e+00	1.00000e+00	0.00000e+00	-0.00000e+00	1.58755e-02	3.99394e-01	-2.96497e-01	0.00000e+00	-0.00000e+00	0.00000e+00	-0.00000e+00
1.65000e+01	2.15574e+00	1.00000e+00	0.00000e+00	-0.00000e+00	2.12495e-02	3.96820e-01	-2.99600e-01	0.00000e+00	-0.00000e+00	0.00000e+00	-0.00000e+00
1.70000e+01	2.14852e+00	1.00000e+00	0.00000e+00	-0.00000e+00	2.61911e-02	3.94353e-01	-3.02453e-01	0.00000e+00	-0.00000e+00	0.00000e+00	-0.00000e+00
1.75000e+01	2.14185e+00	1.00000e+00	0.00000e+00	-0.00000e+00	3.07328e-02	3.91998e-01	-3.05075e-01	0.00000e+00	-0.00000e+00	0.00000e+00	-0.00000e+00
1.80000e+01	2.13569e+00	1.00000e+00	0.00000e+00	-0.00000e+00	3.49041e-02	3.89761e-01	-3.07483e-01	0.00000e+00	-0.00000e+00	0.00000e+00	-0.00000e+00
1.85000e+01	2.13001e+00	1.00000e+00	0.00000e+00	-0.00000e+00	3.87322e-02	3.87644e-01	-3.09693e-01	0.00000e+00	-0.00000e+00	0.00000e+00	-0.00000e+00
1.90000e+01	2.12477e+00	1.00000e+00	0.00000e+00	-0.00000e+00	4.22417e-02	3.85648e-01	-3.11720e-01	0.00000e+00	-0.00000e+00	0.00000e+00	-0.00000e+00
1.95000e+01	2.11994e+00	1.00000e+00	0.00000e+00	-0.00000e+00	4.54552e-02	3.83774e-01	-3.13575e-01	0.00000e+00	-0.00000e+00	0.00000e+00	-0.00000e+00
2.00000e+01	2.11551e+00	1.00000e+00	0.00000e+00	-0.00000e+00	4.83935e-02	3.82021e-01	-3.15271e-01	0.00000e+00	-0.00000e+00	0.00000e+00	-0.00000e+00
2.05000e+01	2.11145e+00	1.00000e+00	0.00000e+00	-0.00000e+00	5.10754e-02	3.80387e-01	-3.16820e-01	0.00000e+00	-0.00000e+00	0.00000e+00	-0.00000e+00
2.10000e+01	2.10774e+00	1.00000e+00	0.00000e+00	-0.00000e+00	5.35183e-02	3.78871e-01	-3.18230e-01	0.00000e+00	-0.00000e+00	0.00000e+00	-0.00000e+00
2.15000e+01	2.10435e+00	1.00000e+00	0.00000e+00	-0.00000e+00	5.57380e-02	3.77470e-01	-3.19512e-01	0.00000e+00	-0.00000e+00	0.00000e+00	-0.00000e+00
2.20000e+01	2.10127e+00	1.00000e+00	0.00000e+00	-0.00000e+00	5.77490e-02	3.76181e-01	-3.20673e-01	0.00000e+00	-0.00000e+00	0.00000e+00	-0.00000e+00
2.25000e+01	2.09848e+00	1.00000e+00	0.00000e+00	-0.00000e+00	5.95646e-02	3.75001e-01	-3.21721e-01	0.00000e+00	-0.00000e+00	0.00000e+00	-0.00000e+00
2.30000e+01	2.09596e+00	1.00000e+00	0.00000e+00	-0.00000e+00	6.11971e-02	3.73927e-01	-3.22664e-01	0.00000e+00	-0.00000e+00	0.00000e+00	-0.00000e+00
2.35000e+01	2.09370e+00	1.00000e+00	0.00000e+00	-0.00000e+00	6.26576e-02	3.72955e-01	-3.23507e-01	0.00000e+00	-0.00000e+00	0.00000e+00	-0.00000e+00
2.40000e+01	2.09169e+00	1.00000e+00	0.00000e+00	-0.00000e+00	6.39565e-02	3.72082e-01	-3.24257e-01	0.00000e+00	-0.00000e+00	0.00000e+00	-0.00000e+00
2.45000e+01	2.08991e+00	1.00000e+00	0.00000e+00	-0.00000e+00	6.51033e-02	3.71305e-01	-3.24919e-01	0.00000e+00	-0.00000e+00	0.00000e+00	-0.00000e+00
2.50000e+01	2.08834e+00	1.00000e+00	0.00000e+00	-0.00000e+00	6.61068e-02	3.70620e-01	-3.25498e-01	0.00000e+00	-0.00000e+00	0.00000e+00	-0.00000e+00
2.55000e+01	2.08699e+00	1.00000e+00	0.00000e+00	-0.00000e+00	6.69750e-02	3.70023e-01	-3.25999e-01	0.00000e+00	-0.00000e+00	0.00000e+00	-0.00000e+00
2.60000e+01	2.08584e+00	1.00000e+00	0.00000e+00	-0.00000e+00	6.77153e-02	3.69511e-01	-3.26427e-01	0.00000e+00	-0.00000e+00	0.00000e+00	-0.00000e+00
2.65000e+01	2.08487e+00	1.00000e+00	0.00000e+00	-0.00000e+00	6.83347e-02	3.69080e-01	-3.26784e-01	0.00000e+00	-0.00000e+00	0.00000e+00	-0.00000e+00
2.70000e+01	2.08408e+00	1.00000e+00	0.00000e+00	-0.00000e+00	6.88394e-02	3.68728e-01	-3.27076e-01	0.00000e+00	-0.00000e+00	0.00000e+00	-0.00000e+00
2.75000e+01	2.08346e+00	1.00000e+00	0.00000e+00	-0.00000e+00	6.92355e-02	3.68451e-01	-3.27305e-01	0.00000e+00	-0.00000e+00	0.00000e+00	-0.00000e+00
2.80000e+01	2.08300e+00	1.00000e+00	0.00000e+00	-0.00000e+00	6.95283e-02	3.68246e-01	-3.27474e-01	0.00000e+00	-0.00000e+00	0.00000e+00	-0.00000e+00
2.85000e+01	2.08269e+00	1.00000e+00	0.00000e+00	-0.00000e+00	6.97230e-02	3.68109e-01	-3.27586e-01	0.00000e+00	-0.00000e+00	0.00000e+00	-0.00000e+00
2.90000e+01	2.08253e+00	1.00000e+00	0.00000e+00	-0.00000e+00	6.98242e-02	3.68038e-01	-3.27644e-01	0.00000e+00	-0.00000e+00	0.00000e+00	-0.00000e+00
2.95000e+01	2.08251e+00	1.00000e+00	0.00000e+00	-0.00000e+00	6.98363e-02	3.68029e-01	-3.27651e-01	0.00000e+00	-0.00000e+00	0.00000e+00	-0.00000e+00
3.00000e+01	2.08263e+00	1.00000e+00	0.00000e+00	-0.00000e+00	6.97634e-02	3.68080e-01	-3.27609e-01	0.00000e+00	-0.00000e+00	0.00000e+00	-0.00000e+00
3.05000e+01	2.08287e+00	1.00000e+00	0.00000e+00	-0.00000e+00	6.96092e-02	3.68189e-01	-3.27520e-01	0.00000e+00	-0.00000e+00	0.00000e+00	-0.00000e+00
3.10000e+01	2.08323e+00	1.00000e+00	0.00000e+00	-0.00000e+00	6.93774e-02	3.68352e-01	-3.27386e-01	0.00000e+00	-0.00000e+00	0.00000e+00	-0.00000e+00
3.15000e+01	2.08371e+00	1.00000e+00	0.00000e+00	-0.00000e+00	6.90712e-02	3.68566e-01	-3.27210e-01	0.00000e+00	-0.00000e+00	0.00000e+00	-0.00000e+00
3.20000e+01	2.08431e+00	1.00000e+00	0.00000e+00	-0.00000e+00	6.86937e-02	3.68830e-01	-3.26992e-01	0.00000e+00	-0.00000e+00	0.00000e+00	-0.00000e+00
3.25000e+01	2.08500e+00	1.00000e+00	0.00000e+00	-0.00000e+00	6.82478e-02	3.69141e-01	-3.26734e-01	0.00000e+00	-0.00000e+00	0.00000e+00	-0.00000e+00
3.30000e+01	2.08580e+00	1.00000e+00	0.00000e+00	-0.00000e+00	6.77361e-02	3.69496e-01	-3.26439e-01	0.00000e+00	-0.00000e+00	0.00000e+00	-0.00000e+00
3.35000e+01	2.08670e+00	1.00000e+00	0.00000e+00	-0.00000e+00	6.71613e-02	3.69894e-01	-3.26107e-01	0.00000e+00	-0.00000e+00	0.00000e+00	-0.00000e+00
3.40000e+01	2.08769e+00	1.00000e+00	0.00000e+00	-0.00000e+00	6.65258e-02	3.70332e-01	-3.25740e-01	0.00000e+00	-0.00000e+00	0.00000e+00	-0.00000e+00
3.45000e+01	2.08877e+00	1.00000e+00	0.00000e+00	-0.00000e+00	6.58316e-02	3.70808e-01	-3.25339e-01	0.00000e+00	-0.00000e+00	0.00000e+00	-0.00000e+00
3.50000e+01	2.08994e+00	1.00000e+00	0.00000e+00	-0.00000e+00	6.50810e-02	3.71320e-01	-3.24906e-01	0.00000e+00	-0.00000e+00	0.00000e+00	-0.00000e+00
3.55000e+01	2.09119e+00	1.00000e+00	0.00000e+00	-0.00000e+00	6.42760e-02	3.71866e-01	-3.24441e-01	0.00000e+00	-0.00000e+00	0.00000e+00	-0.00000e+00
3.60000e+01	2.09252e+00	1.00000e+00	0.00000e+00	-0.00000e+00	6.34183e-02	3.72445e-01	-3.23946e-01	0.00000e+00	-0.00000e+00	0.00000e+00	-0.00000e+00
3.65000e+01	2.09393e+00	1.00000e+00	0.00000e+00	-0.00000e+00	6.25097e-02	3.73054e-01	-3.23421e-01	0.00000e+00	-0.00000e+00	0.00000e+00	-0.00000e+00
3.70000e+01	2.09541e+00	1.00000e+00	0.00000e+00	-0.00000e+00	6.15520e-02	3.73691e-01	-3.22868e-01	0.00000e+00	-0.00000e+00	0.00000e+00	-0.00000e+00
3.75000e+01	2.09696e+00	1.00000e+00	0.00000e+00	-0.00000e+00	6.05467e-02	3.74356e-01	-3.22288e-01	0.00000e+00	-0.00000e+00	0.00000e+00	-0.00000e+00
3.80000e+01	2.09858e+00	1.00000e+00	0.00000e+00	-0.00000e+00	5.94952e-02	3.75046e-01	-3.21681e-01	0.00000e+00	-0.00000e+00	0.00000e+00	-0.00000e+00
3.85000e+01	2.10027e+00	1.00000e+00	0.00000e+00	-0.00000e+00	5.83989e-02	3.75760e-01	-3.21048e-01	0.00000e+00	-0.00000e+00	0.00000e+00	-0.00000e+00
3.90000e+01	2.10202e+00	1.00000e+00	0.00000e+00	-0.00000e+00	5.72593e-02	3.76496e-01	-3.20390e-01	0.00000e+00	-0.00000e+00	0.00000e+00	-0.00000e+00
3.95000e+01	2.10383e+00	1.00000e+00	0.00000e+00	-0.00000e+00	5.60775e-02	3.77254e-01	-3.19708e-01	0.00000e+00	-0.00000e+00	0.00000e+00	-0.00000e+00
4.00000e+01	2.10570e+00	1.00000e+00	0.00000e+00	-0.00000e+00	5.48548e-02	3.78030e-01	-3.19002e-01	0.00000e+00	-0.00000e+00	0.00000e+00	-0.00000e+00
4.05000e+01	2.10762e+00	1.00000e+00	0.00000e+00	-0.00000e+00	5.35923e-02	3.78825e-01	-3.18273e-01	0.00000e+00	-0.00000e+00	0.00000e+00	-0.00000e+00
4.10000e+01	2.10960e+00	1.00000e+00	0.00000e+00	-0.00000e+00	5.22911e-02	3.79636e-01	-3.17522e-01	0.00000e+00	-0.00000e+00	0.00000e+00	-0.00000e+00
4.15000e+01	2.11164e+00	1.00000e+00	0.00000e+00	-0.00000e+00	5.09523e-02	3.80463e-01	-3.16749e-01	0.00000e+00	-0.00000e+00	0.00000e+00	-0.00000e+00
4.20000e+01	2.11372e+00	1.00000e+00	0.00000e+00	-0.00000e+00	4.95767e-02	3.81304e-01	-3.15955e-01	0.00000e+00	-0.00000e+00	0.00000e+00	-0.00000e+00
4.25000e+01	2.11586e+00	1.00000e+00	0.00000e+00	-0.00000e+00	4.81654e-02	3.82158e-01	-3.15140e-01	0.00000e+00	-0.00000e+00	0.00000e+00	-0.00000e+00
4.30000e+01	2.11804e+00	1.00000e+00	0.00000e+00	-0.00000e+00	4.67193e-02	3.83025e-01	-3.14305e-01	0.00000e+00	-0.00000e+00	0.00000e+00	-0.00000e+00
4.35000e+01	2.12027e+00	1.00000e+00	0.00000e+00	-0.00000e+00	4.52392e-02	3.83902e-01	-3.13450e-01	0.00000e+00	-0.00000e+00	0.00000e+00	-0.00000e+00
4.40000e+01	2.12254e+00	1.00000e+00	0.00000e+00	-0.00000e+00	4.37259e-02	3.84788e-01	-3.12577e-01	0.00000e+00	-0.00000e+00	0.00000e+00	-0.00000e+00
4.45000e+01	2.12486e+00	1.00000e+00	0.00000e+00	-0.00000e+00	4.21803e-02	3.85684e-01	-3.11684e-01	0.00000e+00	-0.00000e+00	0.00000e+00	-0.00000e+00
4.50000e+01	2.12722e+00	1.00000e+00	0.00000e+00	-0.00000e+00	4.06032e-02	3.86587e-01	-3.10774e-01	0.00000e+00	-0.00000e+00	0.00000e+00	-0.00000e+00
4.55000e+01	2.12962e+00	1.00000e+00	0.00000e+00	-0.00000e+00	3.89951e-02	3.87496e-01	-3.09845e-01	0.00000e+00	-0.00000e+00	0.00000e+00	-0.00000e+00
4.60000e+01	2.13205e+00	1.00000e+00	0.00000e+00	-0.00000e+00	3.73569e-02	3.88412e-01	-3.08899e-01	0.00000e+00	-0.00000e+00	0.00000e+00	-0.00000e+00
4.65000e+01	2.13453e+00	1.00000e+00	0.00000e+00	-0.00000e+00	3.56892e-02	3.89332e-01	-3.07937e-01	0.00000e+00	-0.00000e+00	0.00000e+00	-0.00000e+00
4.70000e+01	2.13704e+00	1.00000e+00	0.00000e+00	-0.00000e+00	3.39926e-02	3.90256e-01	-3.06957e-01	0.00000e+00	-0.00000e+00	0.00000e+00	-0.00000e+00
4.75000e+01	2.13959e+00	1.00000e+00	0.00000e+00	-0.00000e+00	3.22679e-02	3.91183e-01	-3.05961e-01	0.00000e+00	-0.00000e+00	0.00000e+00	-0.00000e+00
4.80000e+01	2.14217e+00	1.00000e+00	0.00000e+00	-0.00000e+00	3.05156e-02	3.92113e-01	-3.04950e-01	0.00000e+00	-0.00000e+00	0.00000e+00	-0.00000e+00
4.85000e+01	2.14479e+00	1.00000e+00	0.00000e+00	-0.00000e+00	2.87362e-02	3.93044e-01	-3.03922e-01	0.00000e+00	-0.00000e+00	0.00000e+00	-0.00000e+00
4.90000e+01	2.14744e+00	1.00000e+00	0.00000e+00	-0.00000e+00	2.69304e-02	3.93975e-01	-3.02880e-01	0.00000e+00	-0.00000e+00	0.00000e+00	-0.00000e+00
4.95000e+01	2.15012e+00	1.00000e+00	0.00000e+00	-0.00000e+00	2.50987e-02	3.94907e-01	-3.01822e-01	0.00000e+00	-0.00000e+00	0.00000e+00	-0.00000e+00
5.00000e+01	2.15283e+00	1.00000e+00	0.00000e+00	-0.00000e+00	2.32417e-02	3.95837e-01	-3.00750e-01	0.00000e+00	-0.00000e+00	0.00000e+00	-0.00000e+00
5.05000e+01	2.15558e+00	1.00000e+00	0.00000e+00	-0.00000e+00	2.13598e-02	3.96766e-01	-2.99663e-01	0.00000e+00	-0.00000e+00	0.00000e+00	-0.00000e+00
5.10000e+01	2.15835e+00	1.00000e+00	0.00000e+00	-0.00000e+00	1.94535e-02	3.97693e-01	-2.98563e-01	0.00000e+00	-0.00000e+00	0.00000e+00	-0.00000e+00
5.15000e+01	2.16114e+00	1.00000e+00	0.00000e+00	-0.00000e+00	1.75234e-02	3.98617e-01	-2.97449e-01	0.00000e+00	-0.00000e+00	0.00000e+00	-0.00000e+00
5.20000e+01	2.16397e+00	1.00000e+00	0.00000e+00	-0.00000e+00	1.55698e-02	3.99537e-01	-2.96321e-01	0.00000e+00	-0.00000e+00	0.00000e+00	-0.00000e+00
5.25000e+01	2.16682e+00	1.00000e+00	0.00000e+00	-0.00000e+00	1.35934e-02	4.00453e-01	-2.95180e-01	0.00000e+00	-0.00000e+00	0.00000e+00	-0.00000e+00
5.30000e+01	2.16970e+00	1.00000e+00	0.00000e+00	-0.00000e+00	1.15945e-02	4.01363e-01	-2.94025e-01	0.00000e+00	-0.00000e+00	0.00000e+00	-0.00000e+00
5.35000e+01	2.17261e+00	1.00000e+00	0.00000e+00	-0.00000e+00	9.57348e-03	4.02269e-01	-2.92859e-01	0.00000e+00	-0.00000e+00	0.00000e+00	-0.00000e+00
5.40000e+01	2.17553e+00	1.00000e+00	0.00000e+00	-0.00000e+00	7.53087e-03	4.03168e-01	-2.91679e-01	0.00000e+00	-0.00000e+00	0.00000e+00	-0.00000e+00
5.45000e+01	2.17849e+00	1.00000e+00	0.00000e+00	-0.00000e+00	5.46707e-03	4.04061e-01	-2.90488e-01	0.00000e+00	-0.00000e+00	0.00000e+00	-0.00000e+00
5.50000e+01	2.18146e+00	1.00000e+00	0.00000e+00	-0.00000e+00	3.38247e-03	4.04946e-01	-2.89284e-01	0.00000e+00	-0.00000e+00	0.00000e+00	-0.00000e+00
5.55000e+01	2.18446e+00	1.00000e+00	0.00000e+00	-0.00000e+00	1.27748e-03	4.05823e-01	-2.88069e-01	0.00000e+00	-0.00000e+00	0.00000e+00	-0.00000e+00
5.60000e+01	2.18748e+00	1.00000e+00	0.00000e+00	-0.00000e+00	-8.47526e-04	4.06693e-01	-2.86842e-01	0.00000e+00	-0.00000e+00	0.00000e+00	-0.00000e+00
5.65000e+01	2.19052e+00	1.00000e+00	0.00000e+00	-0.00000e+00	-2.99215e-03	4.07553e-01	-2.85604e-01	0.00000e+00	-0.00000e+00	0.00000e+00	-0.00000e+00
5.70000e+01	2.19358e+00	1.00000e+00	0.00000e+00	-0.00000e+00	-5.15603e-03	4.08404e-01	-2.84355e-01	0.00000e+00	-0.00000e+00	0.00000e+00	-0.00000e+00
5.75000e+01	2.19667e+00	1.00000e+00	0.00000e+00	-0.00000e+00	-7.33880e-03	4.09245e-01	-2.83094e-01	0.00000e+00	-0.00000e+00	0.00000e+00	-0.00000e+00
5.80000e+01	2.19977e+00	1.00000e+00	0.00000e+00	-0.00000e+00	-9.54008e-03	4.10076e-01	-2.81823e-01	0.00000e+00	-0.00000e+00	0.00000e+00	-0.00000e+00
5.85000e+01	2.20289e+00	1.00000e+00	0.00000e+00	-0.00000e+00	-1.17595e-02	4.10896e-01	-2.80542e-01	0.00000e+00	-0.00000e+00	0.00000e+00	-0.00000e+00
5.90000e+01	2.20603e+00	1.00000e+00	0.00000e+00	-0.00000e+00	-1.39968e-02	4.11705e-01	-2.79250e-01	0.00000e+00	-0.00000e+00	0.00000e+00	-0.00000e+00
5.95000e+01	2.20919e+00	1.00000e+00	0.00000e+00	-0.00000e+00	-1.62515e-02	4.12503e-01	-2.77949e-01	0.00000e+00	-0.00000e+00	0.00000e+00	-0.00000e+00
6.00000e+01	2.21237e+00	1.00000e+00	0.00000e+00	-0.00000e+00	-1.85234e-02	4.13288e-01	-2.76637e-01	0.00000e+00	-0.00000e+00	0.00000e+00	-0.00000e+00
6.05000e+01	2.21556e+00	1.00000e+00	0.00000e+00	-0.00000e+00	-2.08121e-02	4.14061e-01	-2.75316e-01	0.00000e+00	-0.00000e+00	0.00000e+00	-0.00000e+00
6.10000e+01	2.21877e+00	1.00000e+00	0.00000e+00	-0.00000e+00	-2.31173e-02	4.14820e-01	-2.73985e-01	0.00000e+00	-0.00000e+00	0.00000e+00	-0.00000e+00
6.15000e+01	2.22200e+00	1.00000e+00	0.00000e+00	-0.00000e+00	-2.54386e-02	4.15567e-01	-2.72644e-01	0.00000e+00	-0.00000e+00	0.00000e+00	-0.00000e+00
6.20000e+01	2.22524e+00	1.00000e+00	0.00000e+00	-0.00000e+00	-2.77758e-02	4.16300e-01	-2.71295e-01	0.00000e+00	-0.00000e+00	0.00000e+00	-0.00000e+00
6.25000e+01	2.22850e+00	1.00000e+00	0.00000e+00	-0.00000e+00	-3.01285e-02	4.17019e-01	-2.69937e-01	0.00000e+00	-0.00000e+00	0.00000e+00	-0.00000e+00
6.30000e+01	2.23178e+00	1.00000e+00	0.00000e+00	-0.00000e+00	-3.24964e-02	4.17723e-01	-2.68570e-01	0.00000e+00	-0.00000e+00	0.00000e+00	-0.00000e+00
6.35000e+01	2.23507e+00	1.00000e+00	0.00000e+00	-0.00000e+00	-3.48792e-02	4.18412e-01	-2.67194e-01	0.00000e+00	-0.00000e+00	0.00000e+00	-0.00000e+00
6.40000e+01	2.23838e+00	1.00000e+00	0.00000e+00	-0.00000e+00	-3.72766e-02	4.19087e-01	-2.65810e-01	0.00000e+00	-0.00000e+00	0.00000e+00	-0.00000e+00
6.45000e+01	2.24169e+00	1.00000e+00	0.00000e+00	-0.00000e+00	-3.96883e-02	4.19746e-01	-2.64417e-01	0.00000e+00	-0.00000e+00	0.00000e+00	-0.00000e+00
6.50000e+01	2.24503e+00	1.00000e+00	0.00000e+00	-0.00000e+00	-4.21140e-02	4.20389e-01	-2.63017e-01	0.00000e+00	-0.00000e+00	0.00000e+00	-0.00000e+00
6.55000e+01	2.24838e+00	1.00000e+00	0.00000e+00	-0.00000e+00	-4.45534e-02	4.21015e-01	-2.61608e-01	0.00000e+00	-0.00000e+00	0.00000e+00	-0.00000e+00
6.60000e+01	2.25174e+00	1.00000e+00	0.00000e+00	-0.00000e+00	-4.70063e-02	4.21626e-01	-2.60192e-01	0.00000e+00	-0.00000e+00	0.00000e+00	-0.00000e+00
6.65000e+01	2.25511e+00	1.00000e+00	0.00000e+00	-0.00000e+00	-4.94722e-02	4.22220e-01	-2.58769e-01	0.00000e+00	-0.00000e+00	0.00000e+00	-0.00000e+00
6.70000e+01	2.25850e+00	1.00000e+00	0.00000e+00	-0.00000e+00	-5.19510e-02	4.22796e-01	-2.57337e-01	0.00000e+00	-0.00000e+00	0.00000e+00	-0.00000e+00
6.75000e+01	2.26190e+00	1.00000e+00	0.00000e+00	-0.00000e+00	-5.44424e-02	4.23355e-01	-2.55899e-01	0.00000e+00	-0.00000e+00	0.00000e+00	-0.00000e+00
6.80000e+01	2.26531e+00	1.00000e+00	0.00000e+00	-0.00000e+00	-5.69460e-02	4.23897e-01	-2.54454e-01	0.00000e+00	-0.00000e+00	0.00000e+00	-0.00000e+00
6.85000e+01	2.26874e+00	1.00000e+00	0.00000e+00	-0.00000e+00	-5.94617e-02	4.24420e-01	-2.53001e-01	0.00000e+00	-0.00000e+00	0.00000e+00	-0.00000e+00
6.90000e+01	2.27217e+00	1.00000e+00	0.00000e+00	-0.00000e+00	-6.19890e-02	4.24926e-01	-2.51542e-01	0.00000e+00	-0.00000e+00	0.00000e+00	-0.00000e+00
6.95000e+01	2.27562e+00	1.00000e+00	0.00000e+00	-0.00000e+00	-6.45279e-02	4.25413e-01	-2.50076e-01	0.00000e+00	-0.00000e+00	0.00000e+00	-0.00000e+00
7.00000e+01	2.27908e+00	1.00000e+00	0.00000e+00	-0.00000e+00	-6.70778e-02	4.25881e-01	-2.48604e-01	0.00000e+00	-0.00000e+00	0.00000e+00	-0.00000e+00
7.05000e+01	2.28255e+00	1.00000e+00	0.00000e+00	-0.00000e+00	-6.96387e-02	4.26330e-01	-2.47125e-01	0.00000e+00	-0.00000e+00	0.00000e+00	-0.00000e+00
7.10000e+01	2.28603e+00	1.00000e+00	0.00000e+00	-0.00000e+00	-7.22102e-02	4.26760e-01	-2.45641e-01	0.00000e+00	-0.00000e+00	0.00000e+00	-0.00000e+00
7.15000e+01	2.28952e+00	1.00000e+00	0.00000e+00	-0.00000e+00	-7.47921e-02	4.27171e-01	-2.44150e-01	0.00000e+00	-0.00000e+00	0.00000e+00	-0.00000e+00
7.20000e+01	2.29302e+00	1.00000e+00	0.00000e+00	-0.00000e+00	-7.73841e-02	4.27562e-01	-2.42654e-01	0.00000e+00	-0.00000e+00	0.00000e+00	-0.00000e+00
7.25000e+01	2.29653e+00	1.00000e+00	0.00000e+00	-0.00000e+00	-7.99859e-02	4.27932e-01	-2.41152e-01	0.00000e+00	-0.00000e+00	0.00000e+00	-0.00000e+00
7.30000e+01	2.30005e+00	1.00000e+00	0.00000e+00	-0.00000e+00	-8.25972e-02	4.28283e-01	-2.39644e-01	0.00000e+00	-0.00000e+00	0.00000e+00	-0.00000e+00
7.35000e+01	2.30359e+00	1.00000e+00	0.00000e+00	-0.00000e+00	-8.52179e-02	4.28614e-01	-2.38131e-01	0.00000e+00	-0.00000e+00	0.00000e+00	-0.00000e+00
7.40000e+01	2.30713e+00	1.00000e+00	0.00000e+00	-0.00000e+00	-8.78476e-02	4.28923e-01	-2.36613e-01	0.00000e+00	-0.00000e+00	0.00000e+00	-0.00000e+00
7.45000e+01	2.31068e+00	1.00000e+00	0.00000e+00	-0.00000e+00	-9.04861e-02	4.29212e-01	-2.35089e-01	0.00000e+00	-0.00000e+00	0.00000e+00	-0.00000e+00
7.50000e+01	2.31424e+00	1.00000e+00	0.00000e+00	-0.00000e+00	-9.31332e-02	4.29481e-01	-2.33561e-01	0.00000e+00	-0.00000e+00	0.00000e+00	-0.00000e+00
7.55000e+01	2.31781e+00	1.00000e+00	0.00000e+00	-0.00000e+00	-9.57885e-02	4.29727e-01	-2.32028e-01	0.00000e+00	-0.00000e+00	0.00000e+00	-0.00000e+00
7.60000e+01	2.32138e+00	1.00000e+00	0.00000e+00	-0.00000e+00	-9.84518e-02	4.29953e-01	-2.30490e-01	0.00000e+00	-0.00000e+00	0.00000e+00	-0.00000e+00
7.65000e+01	2.32497e+00	1.00000e+00	0.00000e+00	-0.00000e+00	-1.01123e-01	4.30157e-01	-2.28948e-01	0.00000e+00	-0.00000e+00	0.00000e+00	-0.00000e+00
7.70000e+01	2.32856e+00	1.00000e+00	0.00000e+00	-0.00000e+00	-1.03801e-01	4.30339e-01	-2.27402e-01	0.00000e+00	-0.00000e+00	0.00000e+00	-0.00000e+00
7.75000e+01	2.33217e+00	1.00000e+00	0.00000e+00	-0.00000e+00	-1.06487e-01	4.30500e-01	-2.25851e-01	0.00000e+00	-0.00000e+00	0.00000e+00	-0.00000e+00
7.80000e+01	2.33578e+00	1.00000e+00	0.00000e+00	-0.00000e+00	-1.09180e-01	4.30638e-01	-2.24296e-01	0.00000e+00	-0.00000e+00	0.00000e+00	-0.00000e+00
7.85000e+01	2.33939e+00	1.00000e+00	0.00000e+00	-0.00000e+00	-1.11880e-01	4.30754e-01	-2.22738e-01	0.00000e+00	-0.00000e+00	0.00000e+00	-0.00000e+00
7.90000e+01	2.34302e+00	1.00000e+00	0.00000e+00	-0.00000e+00	-1.14586e-01	4.30848e-01	-2.21175e-01	0.00000e+00	-0.00000e+00	0.00000e+00	-0.00000e+00
7.95000e+01	2.34666e+00	1.00000e+00	0.00000e+00	-0.00000e+00	-1.17298e-01	4.30919e-01	-2.19609e-01	0.00000e+00	-0.00000e+00	0.00000e+00	-0.00000e+00
8.00000e+01	2.35030e+00	1.00000e+00	0.00000e+00	-0.00000e+00	-1.20016e-01	4.30967e-01	-2.18040e-01	0.00000e+00	-0.00000e+00	0.00000e+00	-0.00000e+00
8.05000e+01	2.35395e+00	1.00000e+00	0.00000e+00	-0.00000e+00	-1.22740e-01	4.30993e-01	-2.16467e-01	0.00000e+00	-0.00000e+00	0.00000e+00	-0.00000e+00
8.10000e+01	2.35760e+00	1.00000e+00	0.00000e+00	-0.00000e+00	-1.25470e-01	4.30995e-01	-2.14891e-01	0.00000e+00	-0.00000e+00	0.00000e+00	-0.00000e+00
8.15000e+01	2.36127e+00	1.00000e+00	0.00000e+00	-0.00000e+00	-1.28204e-01	4.30975e-01	-2.13313e-01	0.00000e+00	-0.00000e+00	0.00000e+00	-0.00000e+00
8.20000e+01	2.36494e+00	1.00000e+00	0.00000e+00	-0.00000e+00	-1.30944e-01	4.30931e-01	-2.11731e-01	0.00000e+00	-0.00000e+00	0.00000e+00	-0.00000e+00
8.25000e+01	2.36861e+00	1.00000e+00	0.00000e+00	-0.00000e+00	-1.33689e-01	4.30864e-01	-2.10146e-01	0.00000e+00	-0.00000e+00	0.00000e+00	-0.00000e+00
8.30000e+01	2.37230e+00	1.00000e+00	0.00000e+00	-0.00000e+00	-1.36438e-01	4.30774e-01	-2.08559e-01	0.00000e+00	-0.00000e+00	0.00000e+00	-0.00000e+00
8.35000e+01	2.37599e+00	1.00000e+00	0.00000e+00	-0.00000e+00	-1.39191e-01	4.30659e-01	-2.06969e-01	0.00000e+00	-0.00000e+00	0.00000e+00	-0.00000e+00
8.40000e+01	2.37969e+00	1.00000e+00	0.00000e+00	-0.00000e+00	-1.41948e-01	4.30522e-01	-2.05378e-01	0.00000e+00	-0.00000e+00	0.00000e+00	-0.00000e+00
8.45000e+01	2.38339e+00	1.00000e+00	0.00000e+00	-0.00000e+00	-1.44709e-01	4.30360e-01	-2.03783e-01	0.00000e+00	-0.00000e+00	0.00000e+00	-0.00000e+00
8.50000e+01	2.38710e+00	1.00000e+00	0.00000e+00	-0.00000e+00	-1.47474e-01	4.30174e-01	-2.02187e-01	0.00000e+00	-0.00000e+00	0.00000e+00	-0.00000e+00
8.55000e+01	2.39082e+00	1.00000e+00	0.00000e+00	-0.00000e+00	-1.50242e-01	4.29964e-01	-2.00589e-01	0.00000e+00	-0.00000e+00	0.00000e+00	-0.00000e+00
8.60000e+01	2.39454e+00	1.00000e+00	0.00000e+00	-0.00000e+00	-1.53013e-01	4.29730e-01	-1.98989e-01	0.00000e+00	-0.00000e+00	0.00000e+00	-0.00000e+00
8.65000e+01	2.39826e+00	1.00000e+00	0.00000e+00	-0.00000e+00	-1.55787e-01	4.29472e-01	-1.97388e-01	0.00000e+00	-0.00000e+00	0.00000e+00	-0.00000e+00
8.70000e+01	2.40200e+00	1.00000e+00	0.00000e+00	-0.00000e+00	-1.58563e-01	4.29190e-01	-1.95785e-01	0.00000e+00	-0.00000e+00	0.00000e+00	-0.00000e+00
8.75000e+01	2.40574e+00	1.00000e+00	0.00000e+00	-0.00000e+00	-1.61342e-01	4.28883e-01	-1.94181e-01	0.00000e+00	-0.00000e+00	0.00000e+00	-0.00000e+00
8.80000e+01	2.40948e+00	1.00000e+00	0.00000e+00	-0.00000e+00	-1.64123e-01	4.28552e-01	-1.92575e-01	0.00000e+00	-0.00000e+00	0.00000e+00	-0.00000e+00
8.85000e+01	2.41323e+00	1.00000e+00	0.00000e+00	-0.00000e+00	-1.66905e-01	4.28196e-01	-1.90968e-01	0.00000e+00	-0.00000e+00	0.00000e+00	-0.00000e+00
8.90000e+01	2.41699e+00	1.00000e+00	0.00000e+00	-0.00000e+00	-1.69690e-01	4.27815e-01	-1.89361e-01	0.00000e+00	-0.00000e+00	0.00000e+00	-0.00000e+00
8.95000e+01	2.42075e+00	1.00000e+00	0.00000e+00	-0.00000e+00	-1.72475e-01	4.27410e-01	-1.87753e-01	0.00000e+00	-0.00000e+00	0.00000e+00	-0.00000e+00
9.00000e+01	2.42452e+00	1.00000e+00	0.00000e+00	-0.00000e+00	-1.75262e-01	4.26980e-01	-1.86144e-01	0.00000e+00	-0.00000e+00	0.00000e+00	-0.00000e+00
9.05000e+01	2.42829e+00	1.00000e+00	0.00000e+00	-0.00000e+00	-1.78050e-01	4.26525e-01	-1.84534e-01	0.00000e+00	-0.00000e+00	0.00000e+00	-0.00000e+00
9.10000e+01	2.43206e+00	1.00000e+00	0.00000e+00	-0.00000e+00	-1.80839e-01	4.26045e-01	-1.82924e-01	0.00000e+00	-0.00000e+00	0.00000e+00	-0.00000e+00
9.15000e+01	2.43585e+00	1.00000e+00	0.00000e+00	-0.00000e+00	-1.83627e-01	4.25540e-01	-1.81314e-01	0.00000e+00	-0.00000e+00	0.00000e+00	-0.00000e+00
9.20000e+01	2.43963e+00	1.00000e+00	0.00000e+00	-0.00000e+00	-1.86416e-01	4.25010e-01	-1.79704e-01	0.00000e+00	-0.00000e+00	0.00000e+00	-0.00000e+00
9.25000e+01	2.44342e+00	1.00000e+00	0.00000e+00	-0.00000e+00	-1.89205e-01	4.24455e-01	-1.78094e-01	0.00000e+00	-0.00000e+00	0.00000e+00	-0.00000e+00
9.30000e+01	2.44722e+00	1.00000e+00	0.00000e+00	-0.00000e+00	-1.91994e-01	4.23875e-01	-1.76483e-01	0.00000e+00	-0.00000e+00	0.00000e+00	-0.00000e+00
9.35000e+01	2.45102e+00	1.00000e+00	0.00000e+00	-0.00000e+00	-1.94783e-01	4.23269e-01	-1.74874e-01	0.00000e+00	-0.00000e+00	0.00000e+00	-0.00000e+00
9.40000e+01	2.45483e+00	1.00000e+00	0.00000e+00	-0.00000e+00	-1.97570e-01	4.22639e-01	-1.73264e-01	0.00000e+00	-0.00000e+00	0.00000e+00	-0.00000e+00
9.45000e+01	2.45863e+00	1.00000e+00	0.00000e+00	-0.00000e+00	-2.00357e-01	4.21983e-01	-1.71655e-01	0.00000e+00	-0.00000e+00	0.00000e+00	-0.00000e+00
9.50000e+01	2.46245e+00	1.00000e+00	0.00000e+00	-0.00000e+00	-2.03142e-01	4.21302e-01	-1.70047e-01	0.00000e+00	-0.00000e+00	0.00000e+00	-0.00000e+00
9.55000e+01	2.46627e+00	1.00000e+00	0.00000e+00	-0.00000e+00	-2.05926e-01	4.20595e-01	-1.68440e-01	0.00000e+00	-0.00000e+00	0.00000e+00	-0.00000e+00
9.60000e+01	2.47009e+00	1.00000e+00	0.00000e+00	-0.00000e+00	-2.08708e-01	4.19864e-01	-1.66834e-01	0.00000e+00	-0.00000e+00	0.00000e+00	-0.00000e+00
9.65000e+01	2.47392e+00	1.00000e+00	0.00000e+00	-0.00000e+00	-2.11489e-01	4.19106e-01	-1.65228e-01	0.00000e+00	-0.00000e+00	0.00000e+00	-0.00000e+00
9.70000e+01	2.47775e+00	1.00000e+00	0.00000e+00	-0.00000e+00	-2.14267e-01	4.18324e-01	-1.63624e-01	0.00000e+00	-0.00000e+00	0.00000e+00	-0.00000e+00
9.75000e+01	2.48158e+00	1.00000e+00	0.00000e+00	-0.00000e+00	-2.17043e-01	4.17516e-01	-1.62021e-01	0.00000e+00	-0.00000e+00	0.00000e+00	-0.00000e+00
9.80000e+01	2.48542e+00	1.00000e+00	0.00000e+00	-0.00000e+00	-2.19817e-01	4.16682e-01	-1.60420e-01	0.00000e+00	-0.00000e+00	0.00000e+00	-0.00000e+00
9.85000e+01	2.48926e+00	1.00000e+00	0.00000e+00	-0.00000e+00	-2.22587e-01	4.15823e-01	-1.58821e-01	0.00000e+00	-0.00000e+00	0.00000e+00	-0.00000e+00
9.90000e+01	2.49311e+00	1.00000e+00	0.00000e+00	-0.00000e+00	-2.25355e-01	4.14939e-01	-1.57223e-01	0.00000e+00	-0.00000e+00	0.00000e+00	-0.00000e+00
9.95000e+01	2.49696e+00	1.00000e+00	0.00000e+00	-0.00000e+00	-2.28119e-01	4.14029e-01	-1.55627e-01	0.00000e+00	-0.00000e+00	0.00000e+00	-0.00000e+00
1.00000e+02	2.50082e+00	1.00000e+00	0.00000e+00	-0.00000e+00	-2.30880e-01	4.13094e-01	-1.54033e-01	0.00000e+00	-0.00000e+00	0.00000e+00	-0.00000e+00
1.00500e+02	2.50467e+00	1.00000e+00	0.00000e+00	-0.00000e+00	-2.33638e-01	4.12133e-01	-1.52441e-01	0.00000e+00	-0.00000e+00	0.00000e+00	-0.00000e+00
1.01000e+02	2.50854e+00	1.00000e+00	0.00000e+00	-0.00000e+00	-2.36391e-01	4.11146e-01	-1.50851e-01	0.00000e+00	-0.00000e+00	0.00000e+00	-0.00000e+00
1.01500e+02	2.51240e+00	1.00000e+00	0.00000e+00	-0.00000e+00	-2.39140e-01	4.10135e-01	-1.49264e-01	0.00000e+00	-0.00000e+00	0.00000e+00	-0.00000e+00
1.02000e+02	2.51627e+00	1.00000e+00	0.00000e+00	-0.00000e+00	-2.41885e-01	4.09097e-01	-1.47679e-01	0.00000e+00	-0.00000e+00	0.00000e+00	-0.00000e+00
1.02500e+02	2.52014e+00	1.00000e+00	0.00000e+00	-0.00000e+00	-2.44625e-01	4.08035e-01	-1.46097e-01	0.00000e+00	-0.00000e+00	0.00000e+00	-0.00000e+00
1.03000e+02	2.52402e+00	1.00000e+00	0.00000e+00	-0.00000e+00	-2.47360e-01	4.06947e-01	-1.44518e-01	0.00000e+00	-0.00000e+00	0.00000e+00	-0.00000e+00
1.03500e+02	2.52790e+00	1.00000e+00	0.00000e+00	-0.00000e+00	-2.50091e-01	4.05833e-01	-1.42941e-01	0.00000e+00	-0.00000e+00	0.00000e+00	-0.00000e+00
1.04000e+02	2.53178e+00	1.00000e+00	0.00000e+00	-0.00000e+00	-2.52816e-01	4.04694e-01	-1.41368e-01	0.00000e+00	-0.00000e+00	0.00000e+00	-0.00000e+00
1.04500e+02	2.53566e+00	1.00000e+00	0.00000e+00	-0.00000e+00	-2.55535e-01	4.03530e-01	-1.39798e-01	0.00000e+00	-0.00000e+00	0.00000e+00	-0.00000e+00
1.05000e+02	2.53955e+00	1.00000e+00	0.00000e+00	-0.00000e+00	-2.58249e-01	4.02340e-01	-1.38231e-01	0.00000e+00	-0.00000e+00	0.00000e+00	-0.00000e+00
1.05500e+02	2.54344e+00	1.00000e+00	0.00000e+00	-0.00000e+00	-2.60957e-01	4.01125e-01	-1.36668e-01	0.00000e+00	-0.00000e+00	0.00000e+00	-0.00000e+00
1.06000e+02	2.54734e+00	1.00000e+00	0.00000e+00	-0.00000e+00	-2.63659e-01	3.99885e-01	-1.35108e-01	0.00000e+00	-0.00000e+00	0.00000e+00	-0.00000e+00
1.06500e+02	2.55124e+00	1.00000e+00	0.00000e+00	-0.00000e+00	-2.66355e-01	3.98619e-01	-1.33551e-01	0.00000e+00	-0.00000e+00	0.00000e+00	-0.00000e+00
1.07000e+02	2.55514e+00	1.00000e+00	0.00000e+00	-0.00000e+00	-2.69044e-01	3.97328e-01	-1.31999e-01	0.00000e+00	-0.00000e+00	0.00000e+00	-0.00000e+00
1.07500e+02	2.55904e+00	1.00000e+00	0.00000e+00	-0.00000e+00	-2.71726e-01	3.96012e-01	-1.30450e-01	0.00000e+00	-0.00000e+00	0.00000e+00	-0.00000e+00
1.08000e+02	2.56295e+00	1.00000e+00	0.00000e+00	-0.00000e+00	-2.74401e-01	3.94671e-01	-1.28906e-01	0.00000e+00	-0.00000e+00	0.00000e+00	-0.00000e+00
1.08500e+02	2.56686e+00	1.00000e+00	0.00000e+00	-0.00000e+00	-2.77069e-01	3.93305e-01	-1.27365e-01	0.00000e+00	-0.00000e+00	0.00000e+00	-0.00000e+00
1.09000e+02	2.57077e+00	1.00000e+00	0.00000e+00	-0.00000e+00	-2.79730e-01	3.91914e-01	-1.25829e-01	0.00000e+00	-0.00000e+00	0.00000e+00	-0.00000e+00
1.09500e+02	2.57469e+00	1.00000e+00	0.00000e+00	-0.00000e+00	-2.82383e-01	3.90497e-01	-1.24298e-01	0.00000e+00	-0.00000e+00	0.00000e+00	-0.00000e+00
1.10000e+02	2.57860e+00	1.00000e+00	0.00000e+00	-0.00000e+00	-2.85028e-01	3.89056e-01	-1.22770e-01	0.00000e+00	-0.00000e+00	0.00000e+00	-0.00000e+00
1.10500e+02	2.58253e+00	1.00000e+00	0.00000e+00	-0.00000e+00	-2.87665e-01	3.87590e-01	-1.21248e-01	0.00000e+00	-0.00000e+00	0.00000e+00	-0.00000e+00
1.11000e+02	2.58645e+00	1.00000e+00	0.00000e+00	-0.00000e+00	-2.90294e-01	3.86099e-01	-1.19730e-01	0.00000e+00	-0.00000e+00	0.00000e+00	-0.00000e+00
1.11500e+02	2.59037e+00	1.00000e+00	0.00000e+00	-0.00000e+00	-2.92914e-01	3.84583e-01	-1.18217e-01	0.00000e+00	-0.00000e+00	0.00000e+00	-0.00000e+00
1.12000e+02	2.59430e+00	1.00000e+00	0.00000e+00	-0.00000e+00	-2.95526e-01	3.83042e-01	-1.16709e-01	0.00000e+00	-0.00000e+00	0.00000e+00	-0.00000e+00
1.12500e+02	2.59823e+00	1.00000e+00	0.00000e+00	-0.00000e+00	-2.98129e-01	3.81477e-01	-1.15207e-01	0.00000e+00	-0.00000e+00	0.00000e+00	-0.00000e+00
1.13000e+02	2.60217e+00	1.00000e+00	0.00000e+00	-0.00000e+00	-3.00722e-01	3.79887e-01	-1.13709e-01	0.00000e+00	-0.00000e+00	0.00000e+00	-0.00000e+00
1.13500e+02	2.60610e+00	1.00000e+00	0.00000e+00	-0.00000e+00	-3.03307e-01	3.78273e-01	-1.12217e-01	0.00000e+00	-0.00000e+00	0.00000e+00	-0.00000e+00
1.14000e+02	2.61004e+00	1.00000e+00	0.00000e+00	-0.00000e+00	-3.05882e-01	3.76634e-01	-1.10731e-01	0.00000e+00	-0.00000e+00	0.00000e+00	-0.00000e+00
1.14500e+02	2.61398e+00	1.00000e+00	0.00000e+00	-0.00000e+00	-3.08447e-01	3.74971e-01	-1.09250e-01	0.00000e+00	-0.00000e+00	0.00000e+00	-0.00000e+00
1.15000e+02	2.61793e+00	1.00000e+00	0.00000e+00	-0.00000e+00	-3.11002e-01	3.73283e-01	-1.07774e-01	0.00000e+00	-0.00000e+00	0.00000e+00	-0.00000e+00
1.15500e+02	2.62187e+00	1.00000e+00	0.00000e+00	-0.00000e+00	-3.13547e-01	3.71572e-01	-1.06305e-01	0.00000e+00	-0.00000e+00	0.00000e+00	-0.00000e+00
1.16000e+02	2.62582e+00	1.00000e+00	0.00000e+00	-0.00000e+00	-3.16082e-01	3.69836e-01	-1.04841e-01	0.00000e+00	-0.00000e+00	0.00000e+00	-0.00000e+00
1.16500e+02	2.62977e+00	1.00000e+00	0.00000e+00	-0.00000e+00	-3.18606e-01	3.68076e-01	-1.03384e-01	0.00000e+00	-0.00000e+00	0.00000e+00	-0.00000e+00
1.17000e+02	2.63372e+00	1.00000e+00	0.00000e+00	-0.00000e+00	-3.21120e-01	3.66292e-01	-1.01933e-01	0.00000e+00	-0.00000e+00	0.00000e+00	-0.00000e+00
1.17500e+02	2.63768e+00	1.00000e+00	0.00000e+00	-0.00000e+00	-3.23622e-01	3.64484e-01	-1.00488e-01	0.00000e+00	-0.00000e+00	0.00000e+00	-0.00000e+00
1.18000e+02	2.64163e+00	1.00000e+00	0.00000e+00	-0.00000e+00	-3.26114e-01	3.62653e-01	-9.90495e-02	0.00000e+00	-0.00000e+00	0.00000e+00	-0.00000e+00
1.18500e+02	2.64559e+00	1.00000e+00	0.00000e+00	-0.00000e+00	-3.28594e-01	3.60797e-01	-9.76175e-02	0.00000e+00	-0.00000e+00	0.00000e+00	-0.00000e+00
1.19000e+02	2.64955e+00	1.00000e+00	0.00000e+00	-0.00000e+00	-3.31063e-01	3.58918e-01	-9.61922e-02	0.00000e+00	-0.00000e+00	0.00000e+00	-0.00000e+00
1.19500e+02	2.65352e+00	1.00000e+00	0.00000e+00	-0.00000e+00	-3.33520e-01	3.57016e-01	-9.47736e-02	0.00000e+00	-0.00000e+00	0.00000e+00	-0.00000e+00
1.20000e+02	2.65748e+00	1.00000e+00	0.00000e+00	-0.00000e+00	-3.35965e-01	3.55090e-01	-9.33619e-02	0.00000e+00	-0.00000e+00	0.00000e+00	-0.00000e+00
1.20500e+02	2.66145e+00	1.00000e+00	0.00000e+00	-0.00000e+00	-3.38398e-01	3.53141e-01	-9.19572e-02	0.00000e+00	-0.00000e+00	0.00000e+00	-0.00000e+00
1.21000e+02	2.66542e+00	1.00000e+00	0.00000e+00	-0.00000e+00	-3.40819e-01	3.51169e-01	-9.05595e-02	0.00000e+00	-0.00000e+00	0.00000e+00	-0.00000e+00
1.21500e+02	2.66939e+00	1.00000e+00	0.00000e+00	-0.00000e+00	-3.43227e-01	3.49173e-01	-8.91691e-02	0.00000e+00	-0.00000e+00	0.00000e+00	-0.00000e+00
1.22000e+02	2.67336e+00	1.00000e+00	0.00000e+00	-0.00000e+00	-3.45623e-01	3.47155e-01	-8.77860e-02	0.00000e+00	-0.00000e+00	0.00000e+00	-0.00000e+00
1.22500e+02	2.67733e+00	1.00000e+00	0.00000e+00	-0.00000e+00	-3.48006e-01	3.45114e-01	-8.64103e-02	0.00000e+00	-0.00000e+00	0.00000e+00	-0.00000e+00
1.23000e+02	2.68131e+00	1.00000e+00	0.00000e+00	-0.00000e+00	-3.50375e-01	3.43049e-01	-8.50421e-02	0.00000e+00	-0.00000e+00	0.00000e+00	-0.00000e+00
1.23500e+02	2.68529e+00	1.00000e+00	0.00000e+00	-0.00000e+00	-3.52732e-01	3.40963e-01	-8.36815e-02	0.00000e+00	-0.00000e+00	0.00000e+00	-0.00000e+00
1.24000e+02	2.68927e+00	1.00000e+00	0.00000e+00	-0.00000e+00	-3.55075e-01	3.38853e-01	-8.23287e-02	0.00000e+00	-0.00000e+00	0.00000e+00	-0.00000e+00
1.24500e+02	2.69325e+00	1.00000e+00	0.00000e+00	-0.00000e+00	-3.57405e-01	3.36722e-01	-8.09837e-02	0.00000e+00	-0.00000e+00	0.00000e+00	-0.00000e+00
1.25000e+02	2.69723e+00	1.00000e+00	0.00000e+00	-0.00000e+00	-3.59721e-01	3.34568e-01	-7.96467e-02	0.00000e+00	-0.00000e+00	0.00000e+00	-0.00000e+00
1.25500e+02	2.70122e+00	1.00000e+00	0.00000e+00	-0.00000e+00	-3.62022e-01	3.32392e-01	-7.83177e-02	0.00000e+00	-0.00000e+00	0.00000e+00	-0.00000e+00
1.26000e+02	2.70521e+00	1.00000e+00	0.00000e+00	-0.00000e+00	-3.64310e-01	3.30193e-01	-7.69968e-02	0.00000e+00	-0.00000e+00	0.00000e+00	-0.00000e+00
1.26500e+02	2.70919e+00	1.00000e+00	0.00000e+00	-0.00000e+00	-3.66584e-01	3.27973e-01	-7.56843e-02	0.00000e+00	-0.00000e+00	0.00000e+00	-0.00000e+00
1.27000e+02	2.71318e+00	1.00000e+00	0.00000e+00	-0.00000e+00	-3.68843e-01	3.25731e-01	-7.43801e-02	0.00000e+00	-0.00000e+00	0.00000e+00	-0.00000e+00
1.27500e+02	2.71718e+00	1.00000e+00	0.00000e+00	-0.00000e+00	-3.71087e-01	3.23468e-01	-7.30844e-02	0.00000e+00	-0.00000e+00	0.00000e+00	-0.00000e+00
1.28000e+02	2.72117e+00	1.00000e+00	0.00000e+00	-0.00000e+00	-3.73316e-01	3.21182e-01	-7.17972e-02	0.00000e+00	-0.00000e+00	0.00000e+00	-0.00000e+00
1.28500e+02	2.72516e+00	1.00000e+00	0.00000e+00	-0.00000e+00	-3.75531e-01	3.18876e-01	-7.05187e-02	0.00000e+00	-0.00000e+00	0.00000e+00	-0.00000e+00
1.29000e+02	2.72916e+00	1.00000e+00	0.00000e+00	-0.00000e+00	-3.77730e-01	3.16548e-01	-6.92490e-02	0.00000e+00	-0.00000e+00	0.00000e+00	-0.00000e+00
1.29500e+02	2.73316e+00	1.00000e+00	0.00000e+00	-0.00000e+00	-3.79914e-01	3.14199e-01	-6.79881e-02	0.00000e+00	-0.00000e+00	0.00000e+00	-0.00000e+00
1.30000e+02	2.73716e+00	1.00000e+00	0.00000e+00	-0.00000e+00	-3.82082e-01	3.11829e-01	-6.67362e-02	0.00000e+00	-0.00000e+00	0.00000e+00	-0.00000e+00
1.30500e+02	2.74116e+00	1.00000e+00	0.00000e+00	-0.00000e+00	-3.84235e-01	3.09439e-01	-6.54934e-02	0.00000e+00	-0.00000e+00	0.00000e+00	-0.00000e+00
1.31000e+02	2.74516e+00	1.00000e+00	0.00000e+00	-0.00000e+00	-3.86372e-01	3.07027e-01	-6.42597e-02	0.00000e+00	-0.00000e+00	0.00000e+00	-0.00000e+00
1.31500e+02	2.74917e+00	1.00000e+00	0.00000e+00	-0.00000e+00	-3.88492e-01	3.04595e-01	-6.30353e-02	0.00000e+00	-0.00000e+00	0.00000e+00	-0.00000e+00
1.32000e+02	2.75317e+00	1.00000e+00	0.00000e+00	-0.00000e+00	-3.90597e-01	3.02143e-01	-6.18202e-02	0.00000e+00	-0.00000e+00	0.00000e+00	-0.00000e+00
1.32500e+02	2.75718e+00	1.00000e+00	0.00000e+00	-0.00000e+00	-3.92685e-01	2.99670e-01	-6.06146e-02	0.00000e+00	-0.00000e+00	0.00000e+00	-0.00000e+00
1.33000e+02	2.76118e+00	1.00000e+00	0.00000e+00	-0.00000e+00	-3.94757e-01	2.97178e-01	-5.94186e-02	0.00000e+00	-0.00000e+00	0.00000e+00	-0.00000e+00
1.33500e+02	2.76519e+00	1.00000e+00	0.00000e+00	-0.00000e+00	-3.96812e-01	2.94665e-01	-5.82321e-02	0.00000e+00	-0.00000e+00	0.00000e+00	-0.00000e+00
1.34000e+02	2.76920e+00	1.00000e+00	0.00000e+00	-0.00000e+00	-3.98850e-01	2.92133e-01	-5.70554e-02	0.00000e+00	-0.00000e+00	0.00000e+00	-0.00000e+00
1.34500e+02	2.77322e+00	1.00000e+00	0.00000e+00	-0.00000e+00	-4.00871e-01	2.89581e-01	-5.58885e-02	0.00000e+00	-0.00000e+00	0.00000e+00	-0.00000e+00
1.35000e+02	2.77723e+00	1.00000e+00	0.00000e+00	-0.00000e+00	-4.02875e-01	2.87009e-01	-5.47315e-02	0.00000e+00	-0.00000e+00	0.00000e+00	-0.00000e+00
1.35500e+02	2.78124e+00	1.00000e+00	0.00000e+00	-0.00000e+00	-4.04861e-01	2.84419e-01	-5.35845e-02	0.00000e+00	-0.00000e+00	0.00000e+00	-0.00000e+00
1.36000e+02	2.78526e+00	1.00000e+00	0.00000e+00	-0.00000e+00	-4.06831e-01	2.81809e-01	-5.24477e-02	0.00000e+00	-0.00000e+00	0.00000e+00	-0.00000e+00
1.36500e+02	2.78928e+00	1.00000e+00	0.00000e+00	-0.00000e+00	-4.08782e-01	2.79180e-01	-5.13209e-02	0.00000e+00	-0.00000e+00	0.00000e+00	-0.00000e+00
1.37000e+02	2.79329e+00	1.00000e+00	0.00000e+00	-0.00000e+00	-4.10716e-01	2.76532e-01	-5.02045e-02	0.00000e+00	-0.00000e+00	0.00000e+00	-0.00000e+00
1.37500e+02	2.79731e+00	1.00000e+00	0.00000e+00	-0.00000e+00	-4.12632e-01	2.73866e-01	-4.90984e-02	0.00000e+00	-0.00000e+00	0.00000e+00	-0.00000e+00
1.38000e+02	2.80133e+00	1.00000e+00	0.00000e+00	-0.00000e+00	-4.14529e-01	2.71181e-01	-4.80027e-02	0.00000e+00	-0.00000e+00	0.00000e+00	-0.00000e+00
1.38500e+02	2.80536e+00	1.00000e+00	0.00000e+00	-0.00000e+00	-4.16409e-01	2.68478e-01	-4.69176e-02	0.00000e+00	-0.00000e+00	0.00000e+00	-0.00000e+00
1.39000e+02	2.80938e+00	1.00000e+00	0.00000e+00	-0.00000e+00	-4.18270e-01	2.65757e-01	-4.58430e-02	0.00000e+00	-0.00000e+00	0.00000e+00	-0.00000e+00
1.39500e+02	2.81340e+00	1.00000e+00	0.00000e+00	-0.00000e+00	-4.20113e-01	2.63017e-01	-4.47792e-02	0.00000e+00	-0.00000e+00	0.00000e+00	-0.00000e+00
1.40000e+02	2.81743e+00	1.00000e+00	0.00000e+00	-0.00000e+00	-4.21937e-01	2.60260e-01	-4.37261e-02	0.00000e+00	-0.00000e+00	0.00000e+00	-0.00000e+00
1.40500e+02	2.82145e+00	1.00000e+00	0.00000e+00	-0.00000e+00	-4.23742e-01	2.57486e-01	-4.26839e-02	0.00000e+00	-0.00000e+00	0.00000e+00	-0.00000e+00
1.41000e+02	2.82548e+00	1.00000e+00	0.00000e+00	-0.00000e+00	-4.25528e-01	2.54694e-01	-4.16526e-02	0.00000e+00	-0.00000e+00	0.00000e+00	-0.00000e+00
1.41500e+02	2.82951e+00	1.00000e+00	0.00000e+00	-0.00000e+00	-4.27295e-01	2.51885e-01	-4.06324e-02	0.00000e+00	-0.00000e+00	0.00000e+00	-0.00000e+00
1.42000e+02	2.83354e+00	1.00000e+00	0.00000e+00	-0.00000e+00	-4.29043e-01	2.49058e-01	-3.96232e-02	0.00000e+00	-0.00000e+00	0.00000e+00	-0.00000e+00
1.42500e+02	2.83757e+00	1.00000e+00	0.00000e+00	-0.00000e+00	-4.30772e-01	2.46215e-01	-3.86252e-02	0.00000e+00	-0.00000e+00	0.00000e+00	-0.00000e+00
1.43000e+02	2.84160e+00	1.00000e+00	0.00000e+00	-0.00000e+00	-4.32481e-01	2.43355e-01	-3.76385e-02	0.00000e+00	-0.00000e+00	0.00000e+00	-0.00000e+00
1.43500e+02	2.84563e+00	1.00000e+00	0.00000e+00	-0.00000e+00	-4.34170e-01	2.40479e-01	-3.66631e-02	0.00000e+00	-0.00000e+00	0.00000e+00	-0.00000e+00
1.44000e+02	2.84966e+00	1.00000e+00	0.00000e+00	-0.00000e+00	-4.35840e-01	2.37586e-01	-3.56991e-02	0.00000e+00	-0.00000e+00	0.00000e+00	-0.00000e+00
1.44500e+02	2.85370e+00	1.00000e+00	0.00000e+00	-0.00000e+00	-4.37490e-01	2.34677e-01	-3.47466e-02	0.00000e+00	-0.00000e+00	0.00000e+00	-0.00000e+00
1.45000e+02	2.85773e+00	1.00000e+00	0.00000e+00	-0.00000e+00	-4.39120e-01	2.31752e-01	-3.38056e-02	0.00000e+00	-0.00000e+00	0.00000e+00	-0.00000e+00
1.45500e+02	2.86177e+00	1.00000e+00	0.00000e+00	-0.00000e+00	-4.40729e-01	2.28812e-01	-3.28762e-02	0.00000e+00	-0.00000e+00	0.00000e+00	-0.00000e+00
1.46000e+02	2.86580e+00	1.00000e+00	0.00000e+00	-0.00000e+00	-4.42319e-01	2.25856e-01	-3.19586e-02	0.00000e+00	-0.00000e+00	0.00000e+00	-0.00000e+00
1.46500e+02	2.86984e+00	1.00000e+00	0.00000e+00	-0.00000e+00	-4.43888e-01	2.22884e-01	-3.10527e-02	0.00000e+00	-0.00000e+00	0.00000e+00	-0.00000e+00
1.47000e+02	2.87388e+00	1.00000e+00	0.00000e+00	-0.00000e+00	-4.45436e-01	2.19898e-01	-3.01587e-02	0.00000e+00	-0.00000e+00	0.00000e+00	-0.00000e+00
1.47500e+02	2.87792e+00	1.00000e+00	0.00000e+00	-0.00000e+00	-4.46964e-01	2.16896e-01	-2.92765e-02	0.00000e+00	-0.00000e+00	0.00000e+00	-0.00000e+00
1.48000e+02	2.88196e+00	1.00000e+00	0.00000e+00	-0.00000e+00	-4.48471e-01	2.13880e-01	-2.84064e-02	0.00000e+00	-0.00000e+00	0.00000e+00	-0.00000e+00
1.48500e+02	2.88600e+00	1.00000e+00	0.00000e+00	-0.00000e+00	-4.49958e-01	2.10849e-01	-2.75483e-02	0.00000e+00	-0.00000e+00	0.00000e+00	-0.00000e+00
1.49000e+02	2.89004e+00	1.00000e+00	0.00000e+00	-0.00000e+00	-4.51423e-01	2.07804e-01	-2.67023e-02	0.00000e+00	-0.00000e+00	0.00000e+00	-0.00000e+00
1.49500e+02	2.89408e+00	1.00000e+00	0.00000e+00	-0.00000e+00	-4.52867e-01	2.04744e-01	-2.58685e-02	0.00000e+00	-0.00000e+00	0.00000e+00	-0.00000e+00
1.50000e+02	2.89813e+00	1.00000e+00	0.00000e+00	-0.00000e+00	-4.54290e-01	2.01671e-01	-2.50469e-02	0.00000e+00	-0.00000e+00	0.00000e+00	-0.00000e+00
1.50500e+02	2.90217e+00	1.00000e+00	0.00000e+00	-0.00000e+00	-4.55692e-01	1.98584e-01	-2.42376e-02	0.00000e+00	-0.00000e+00	0.00000e+00	-0.00000e+00
1.51000e+02	2.90621e+00	1.00000e+00	0.00000e+00	-0.00000e+00	-4.57072e-01	1.95483e-01	-2.34407e-02	0.00000e+00	-0.00000e+00	0.00000e+00	-0.00000e+00
1.51500e+02	2.91026e+00	1.00000e+00	0.00000e+00	-0.00000e+00	-4.58431e-01	1.92369e-01	-2.26562e-02	0.00000e+00	-0.00000e+00	0.00000e+00	-0.00000e+00
1.52000e+02	2.91431e+00	1.00000e+00	0.00000e+00	-0.00000e+00	-4.59768e-01	1.89242e-01	-2.18842e-02	0.00000e+00	-0.00000e+00	0.00000e+00	-0.00000e+00
1.52500e+02	2.91835e+00	1.00000e+00	0.00000e+00	-0.00000e+00	-4.61083e-01	1.86102e-01	-2.11248e-02	0.00000e+00	-0.00000e+00	0.00000e+00	-0.00000e+00
1.53000e+02	2.92240e+00	1.00000e+00	0.00000e+00	-0.00000e+00	-4.62377e-01	1.82949e-01	-2.03779e-02	0.00000e+00	-0.00000e+00	0.00000e+00	-0.00000e+00
1.53500e+02	2.92645e+00	1.00000e+00	0.00000e+00	-0.00000e+00	-4.63649e-01	1.79784e-01	-1.96438e-02	0.00000e+00	-0.00000e+00	0.00000e+00	-0.00000e+00
1.54000e+02	2.93050e+00	1.00000e+00	0.00000e+00	-0.00000e+00	-4.64898e-01	1.76606e-01	-1.89223e-02	0.00000e+00	-0.00000e+00	0.00000e+00	-0.00000e+00
1.54500e+02	2.93455e+00	1.00000e+00	0.00000e+00	-0.00000e+00	-4.66126e-01	1.73416e-01	-1.82137e-02	0.00000e+00	-0.00000e+00	0.00000e+00	-0.00000e+00
1.55000e+02	2.93860e+00	1.00000e+00	0.00000e+00	-0.00000e+00	-4.67331e-01	1.70215e-01	-1.75178e-02	0.00000e+00	-0.00000e+00	0.00000e+00	-0.00000e+00
1.55500e+02	2.94265e+00	1.00000e+00	0.00000e+00	-0.00000e+00	-4.68514e-01	1.67002e-01	-1.68349e-02	0.00000e+00	-0.00000e+00	0.00000e+00	-0.00000e+00
1.56000e+02	2.94670e+00	1.00000e+00	0.00000e+00	-0.00000e+00	-4.69674e-01	1.63777e-01	-1.61649e-02	0.00000e+00	-0.00000e+00	0.00000e+00	-0.00000e+00
1.56500e+02	2.95075e+00	1.00000e+00	0.00000e+00	-0.00000e+00	-4.70812e-01	1.60541e-01	-1.55079e-02	0.00000e+00	-0.00000e+00	0.00000e+00	-0.00000e+00
1.57000e+02	2.95480e+00	1.00000e+00	0.00000e+00	-0.00000e+00	-4.71928e-01	1.57294e-01	-1.48639e-02	0.00000e+00	-0.00000e+00	0.00000e+00	-0.00000e+00
1.57500e+02	2.95885e+00	1.00000e+00	0.00000e+00	-0.00000e+00	-4.73020e-01	1.54037e-01	-1.42331e-02	0.00000e+00	-0.00000e+00	0.00000e+00	-0.00000e+00
1.58000e+02	2.96291e+00	1.00000e+00	0.00000e+00	-0.00000e+00	-4.74090e-01	1.50769e-01	-1.36153e-02	0.00000e+00	-0.00000e+00	0.00000e+00	-0.00000e+00
1.58500e+02	2.96696e+00	1.00000e+00	0.00000e+00	-0.00000e+00	-4.75137e-01	1.47490e-01	-1.30108e-02	0.00000e+00	-0.00000e+00	0.00000e+00	-0.00000e+00
1.59000e+02	2.97101e+00	1.00000e+00	0.00000e+00	-0.00000e+00	-4.76161e-01	1.44201e-01	-1.24195e-02	0.00000e+00	-0.00000e+00	0.00000e+00	-0.00000e+00
1.59500e+02	2.97507e+00	1.00000e+00	0.00000e+00	-0.00000e+00	-4.77163e-01	1.40903e-01	-1.18415e-02	0.00000e+00	-0.00000e+00	0.00000e+00	-0.00000e+00
1.60000e+02	2.97912e+00	1.00000e+00	0.00000e+00	-0.00000e+00	-4.78141e-01	1.37595e-01	-1.12768e-02	0.00000e+00	-0.00000e+00	0.00000e+00	-0.00000e+00
1.60500e+02	2.98318e+00	1.00000e+00	0.00000e+00	-0.00000e+00	-4.79096e-01	1.34277e-01	-1.07254e-02	0.00000e+00	-0.00000e+00	0.00000e+00	-0.00000e+00
1.61000e+02	2.98724e+00	1.00000e+00	0.00000e+00	-0.00000e+00	-4.80027e-01	1.30950e-01	-1.01875e-02	0.00000e+00	-0.00000e+00	0.00000e+00	-0.00000e+00
1.61500e+02	2.99129e+00	1.00000e+00	0.00000e+00	-0.00000e+00	-4.80936e-01	1.27615e-01	-9.66306e-03	0.00000e+00	-0.00000e+00	0.00000e+00	-0.00000e+00
1.62000e+02	2.99535e+00	1.00000e+00	0.00000e+00	-0.00000e+00	-4.81821e-01	1.24270e-01	-9.15210e-03	0.00000e+00	-0.00000e+00	0.00000e+00	-0.00000e+00
1.62500e+02	2.99941e+00	1.00000e+00	0.00000e+00	-0.00000e+00	-4.82682e-01	1.20917e-01	-8.65468e-03	0.00000e+00	-0.00000e+00	0.00000e+00	-0.00000e+00
1.63000e+02	3.00347e+00	1.00000e+00	0.00000e+00	-0.00000e+00	-4.83520e-01	1.17556e-01	-8.17082e-03	0.00000e+00	-0.00000e+00	0.00000e+00	-0.00000e+00
1.63500e+02	3.00752e+00	1.00000e+00	0.00000e+00	-0.00000e+00	-4.84335e-01	1.14186e-01	-7.70058e-03	0.00000e+00	-0.00000e+00	0.00000e+00	-0.00000e+00
1.64000e+02	3.01158e+00	1.00000e+00	0.00000e+00	-0.00000e+00	-4.85126e-01	1.10809e-01	-7.24398e-03	0.00000e+00	-0.00000e+00	0.00000e+00	-0.00000e+00
1.64500e+02	3.01564e+00	1.00000e+00	0.00000e+00	-0.00000e+00	-4.85893e-01	1.07424e-01	-6.80107e-03	0.00000e+00	-0.00000e+00	0.00000e+00	-0.00000e+00
1.65000e+02	3.01970e+00	1.00000e+00	0.00000e+00	-0.00000e+00	-4.86636e-01	1.04032e-01	-6.37187e-03	0.00000e+00	-0.00000e+00	0.00000e+00	-0.00000e+00
1.65500e+02	3.02376e+00	1.00000e+00	0.00000e+00	-0.00000e+00	-4.87356e-01	1.00632e-01	-5.95643e-03	0.00000e+00	-0.00000e+00	0.00000e+00	-0.00000e+00
1.66000e+02	3.02782e+00	1.00000e+00	0.00000e+00	-0.00000e+00	-4.88051e-01	9.72261e-02	-5.55476e-03	0.00000e+00	-0.00000e+00	0.00000e+00	-0.00000e+00
1.66500e+02	3.03188e+00	1.00000e+00	0.00000e+00	-0.00000e+00	-4.88723e-01	9.38131e-02	-5.16691e-03	0.00000e+00	-0.00000e+00	0.00000e+00	-0.00000e+00
1.67000e+02	3.03594e+00	1.00000e+00	0.00000e+00	-0.00000e+00	-4.89371e-01	9.03937e-02	-4.79290e-03	0.00000e+00	-0.00000e+00	0.00000e+00	-0.00000e+00
1.67500e+02	3.04000e+00	1.00000e+00	0.00000e+00	-0.00000e+00	-4.89995e-01	8.69680e-02	-4.43276e-03	0.00000e+00	-0.00000e+00	0.00000e+00	-0.00000e+00
1.68000e+02	3.04406e+00	1.00000e+00	0.00000e+00	-0.00000e+00	-4.90595e-01	8.35363e-02	-4.08652e-03	0.00000e+00	-0.00000e+00	0.00000e+00	-0.00000e+00
1.68500e+02	3.04813e+00	1.00000e+00	0.00000e+00	-0.00000e+00	-4.91170e-01	8.00989e-02	-3.75421e-03	0.00000e+00	-0.00000e+00	0.00000e+00	-0.00000e+00
1.69000e+02	3.05219e+00	1.00000e+00	0.00000e+00	-0.00000e+00	-4.91722e-01	7.66560e-02	-3.43585e-03	0.00000e+00	-0.00000e+00	0.00000e+00	-0.00000e+00
1.69500e+02	3.05625e+00	1.00000e+00	0.00000e+00	-0.00000e+00	-4.92249e-01	7.32078e-02	-3.13146e-03	0.00000e+00	-0.00000e+00	0.00000e+00	-0.00000e+00
1.70000e+02	3.06031e+00	1.00000e+00	0.00000e+00	-0.00000e+00	-4.92752e-01	6.97546e-02	-2.84108e-03	0.00000e+00	-0.00000e+00	0.00000e+00	-0.00000e+00
1.70500e+02	3.06438e+00	1.00000e+00	0.00000e+00	-0.00000e+00	-4.93230e-01	6.62966e-02	-2.56472e-03	0.00000e+00	-0.00000e+00	0.00000e+00	-0.00000e+00
1.71000e+02	3.06844e+00	1.00000e+00	0.00000e+00	-0.00000e+00	-4.93685e-01	6.28340e-02	-2.30240e-03	0.00000e+00	-0.00000e+00	0.00000e+00	-0.00000e+00
1.71500e+02	3.07250e+00	1.00000e+00	0.00000e+00	-0.00000e+00	-4.94115e-01	5.93671e-02	-2.05415e-03	0.00000e+00	-0.00000e+00	0.00000e+00	-0.00000e+00
1.72000e+02	3.07656e+00	1.00000e+00	0.00000e+00	-0.00000e+00	-4.94520e-01	5.58961e-02	-1.81998e-03	0.00000e+00	-0.00000e+00	0.00000e+00	-0.00000e+00
1.72500e+02	3.08063e+00	1.00000e+00	0.00000e+00	-0.00000e+00	-4.94901e-01	5.24212e-02	-1.59991e-03	0.00000e+00	-0.00000e+00	0.00000e+00	-0.00000e+00
1.73000e+02	3.08469e+00	1.00000e+00	0.00000e+00	-0.00000e+00	-4.95258e-01	4.89428e-02	-1.39396e-03	0.00000e+00	-0.00000e+00	0.00000e+00	-0.00000e+00
1.73500e+02	3.08876e+00	1.00000e+00	0.00000e+00	-0.00000e+00	-4.95590e-01	4.54610e-02	-1.20214e-03	0.00000e+00	-0.00000e+00	0.00000e+00	-0.00000e+00
1.74000e+02	3.09282e+00	1.00000e+00	0.00000e+00	-0.00000e+00	-4.95898e-01	4.19760e-02	-1.02448e-03	0.00000e+00	-0.00000e+00	0.00000e+00	-0.00000e+00
1.74500e+02	3.09688e+00	1.00000e+00	0.00000e+00	-0.00000e+00	-4.96181e-01	3.84882e-02	-8.60972e-04	0.00000e+00	-0.00000e+00	0.00000e+00	-0.00000e+00
1.75000e+02	3.10095e+00	1.00000e+00	0.00000e+00	-0.00000e+00	-4.96440e-01	3.49977e-02	-7.11643e-04	0.00000e+00	-0.00000e+00	0.00000e+00	-0.00000e+00
1.75500e+02	3.10501e+00	1.00000e+00	0.00000e+00	-0.00000e+00	-4.96674e-01	3.15048e-02	-5.76501e-04	0.00000e+00	-0.00000e+00	0.00000e+00	-0.00000e+00
1.76000e+02	3.10908e+00	1.00000e+00	0.00000e+00	-0.00000e+00	-4.96884e-01	2.80097e-02	-4.55557e-04	0.00000e+00	-0.00000e+00	0.00000e+00	-0.00000e+00
1.76500e+02	3.11314e+00	1.00000e+00	0.00000e+00	-0.00000e+00	-4.97068e-01	2.45127e-02	-3.48820e-04	0.00000e+00	-0.00000e+00	0.00000e+00	-0.00000e+00
1.77000e+02	3.11720e+00	1.00000e+00	0.00000e+00	-0.00000e+00	-4.97229e-01	2.10141e-02	-2.56297e-04	0.00000e+00	-0.00000e+00	0.00000e+00	-0.00000e+00
1.77500e+02	3.12127e+00	1.00000e+00	0.00000e+00	-0.00000e+00	-4.97364e-01	1.75139e-02	-1.77997e-04	0.00000e+00	-0.00000e+00	0.00000e+00	-0.00000e+00
1.78000e+02	3.12533e+00	1.00000e+00	0.00000e+00	-0.00000e+00	-4.97475e-01	1.40126e-02	-1.13924e-04	0.00000e+00	-0.00000e+00	0.00000e+00	-0.00000e+00
1.78500e+02	3.12940e+00	1.00000e+00	0.00000e+00	-0.00000e+00	-4.97562e-01	1.05103e-02	-6.40854e-05	0.00000e+00	-0.00000e+00	0.00000e+00	-0.00000e+00
1.79000e+02	3.13346e+00	1.00000e+00	0.00000e+00	-0.00000e+00	-4.97623e-01	7.00726e-03	-2.84833e-05	0.00000e+00	-0.00000e+00	0.00000e+00	-0.00000e+00
1.79500e+02	3.13753e+00	1.00000e+00	0.00000e+00	-0.00000e+00	-4.97660e-01	3.50375e-03	-7.12097e-06	0.00000e+00	-0.00000e+00	0.00000e+00	-0.00000e+00
1.80000e+02	3.14159e+00	1.00000e+00	0.00000e+00	-0.00000e+00	-4.97673e-01	1.05564e-16	-6.46392e-33	0.00000e+00	-0.00000e+00	0.00000e+00	-0.00000e+00
