 0.00000000E+00   0.12363036E+01   0.38639945E+00
 0.50000000E+00   0.11570439E+01   0.42861994E+00
 0.10000000E+01   0.10903379E+01   0.47944662E+00
 0.15000000E+01   0.11587664E+01   0.46244182E+00
 0.20000000E+01   0.11946589E+01   0.44111104E+00
 0.25000000E+01   0.11715351E+01   0.47296174E+00
 0.30000000E+01   0.12287571E+01   0.50038543E+00
 0.35000000E+01   0.13037444E+01   0.49453909E+00
 0.40000000E+01   0.13115729E+01   0.51975032E+00
 0.45000000E+01   0.13461685E+01   0.58307956E+00
 0.50000000E+01   0.13648326E+01   0.60834954E+00
 0.55000000E+01   0.11921092E+01   0.57491307E+00
 0.60000000E+01   0.90504715E+00   0.51254741E+00
 0.65000000E+01   0.72822495E+00   0.41924925E+00
 0.70000000E+01   0.70698970E+00   0.33353649E+00
 0.75000000E+01   0.76182982E+00   0.33904909E+00
 0.80000000E+01   0.77350769E+00   0.39245416E+00
 0.85000000E+01   0.65420034E+00   0.36730113E+00
 0.90000000E+01   0.55311812E+00   0.30142499E+00
 0.95000000E+01   0.63347959E+00   0.31458149E+00
 0.10000000E+02   0.68587001E+00   0.35375696E+00
 0.10500000E+02   0.54468450E+00   0.32408086E+00
 0.11000000E+02   0.48612369E+00   0.29678007E+00
 0.11500000E+02   0.61455990E+00   0.32839394E+00
 0.12000000E+02   0.60852369E+00   0.33622397E+00
 0.12500000E+02   0.46506030E+00   0.30535305E+00
 0.13000000E+02   0.50279284E+00   0.31413866E+00
 0.13500000E+02   0.60954437E+00   0.33793411E+00
 0.14000000E+02   0.52183501E+00   0.31956471E+00
 0.14500000E+02   0.44474657E+00   0.31144729E+00
 0.15000000E+02   0.54545156E+00   0.33794373E+00
 0.15500000E+02   0.56471940E+00   0.33446347E+00
 0.16000000E+02   0.45057013E+00   0.31377079E+00
 0.16500000E+02   0.46535356E+00   0.33363014E+00
 0.17000000E+02   0.55147280E+00   0.34983180E+00
 0.17500000E+02   0.49050762E+00   0.32886193E+00
 0.18000000E+02   0.42467274E+00   0.33167230E+00
 0.18500000E+02   0.49573295E+00   0.35855389E+00
 0.19000000E+02   0.51511251E+00   0.34870853E+00
 0.19500000E+02   0.43418848E+00   0.33386749E+00
 0.20000000E+02   0.44491702E+00   0.35786179E+00
 0.20500000E+02   0.50778148E+00   0.36783323E+00
 0.21000000E+02   0.46457106E+00   0.34661128E+00
 0.21500000E+02   0.41881155E+00   0.35148505E+00
 0.22000000E+02   0.46863314E+00   0.37183839E+00
 0.22500000E+02   0.47972596E+00   0.36147421E+00
 0.23000000E+02   0.42092467E+00   0.35060910E+00
 0.23500000E+02   0.42269272E+00   0.36699061E+00
 0.24000000E+02   0.45969251E+00   0.37216176E+00
 0.24500000E+02   0.42858776E+00   0.35693296E+00
 0.25000000E+02   0.39360648E+00   0.35918884E+00
 0.25500000E+02   0.42060507E+00   0.37549307E+00
 0.26000000E+02   0.42736297E+00   0.37172681E+00
 0.26500000E+02   0.38561376E+00   0.35853655E+00
 0.27000000E+02   0.37986113E+00   0.36592172E+00
 0.27500000E+02   0.40567750E+00   0.37617604E+00
 0.28000000E+02   0.38682948E+00   0.36324247E+00
 0.28500000E+02   0.35513506E+00   0.35452300E+00
 0.29000000E+02   0.37068710E+00   0.36908683E+00
 0.29500000E+02   0.37957166E+00   0.36738151E+00
 0.30000000E+02   0.34487424E+00   0.34517589E+00
 0.30500000E+02   0.33388973E+00   0.35039502E+00
 0.31000000E+02   0.35470342E+00   0.36573104E+00
 0.31500000E+02   0.33787030E+00   0.34572797E+00
 0.32000000E+02   0.30598989E+00   0.33132095E+00
 0.32500000E+02   0.31707712E+00   0.35079642E+00
 0.33000000E+02   0.32321474E+00   0.34667096E+00
 0.33500000E+02   0.29011616E+00   0.31910366E+00
 0.34000000E+02   0.27986817E+00   0.32758955E+00
 0.34500000E+02   0.29635078E+00   0.34028897E+00
 0.35000000E+02   0.27950234E+00   0.31350613E+00
 0.35500000E+02   0.25417148E+00   0.30258938E+00
 0.36000000E+02   0.26386017E+00   0.32250588E+00
 0.36500000E+02   0.26486817E+00   0.31018166E+00
 0.37000000E+02   0.23792598E+00   0.28327462E+00
 0.37500000E+02   0.23272272E+00   0.29454597E+00
 0.38000000E+02   0.24371133E+00   0.30033535E+00
 0.38500000E+02   0.22878657E+00   0.27210770E+00
 0.39000000E+02   0.21179775E+00   0.26572671E+00
 0.39500000E+02   0.21888421E+00   0.27953560E+00
 0.40000000E+02   0.21762331E+00   0.26237463E+00
 0.40500000E+02   0.19979882E+00   0.24189211E+00
 0.41000000E+02   0.19711107E+00   0.25228045E+00
 0.41500000E+02   0.20281438E+00   0.25109396E+00
 0.42000000E+02   0.19310443E+00   0.22707226E+00
 0.42500000E+02   0.18348130E+00   0.22398261E+00
 0.43000000E+02   0.18756048E+00   0.23144962E+00
 0.43500000E+02   0.18690774E+00   0.21527470E+00
 0.44000000E+02   0.17779563E+00   0.20111415E+00
 0.44500000E+02   0.17668261E+00   0.20751333E+00
 0.45000000E+02   0.18068133E+00   0.20271059E+00
 0.45500000E+02   0.17744784E+00   0.18474432E+00
 0.46000000E+02   0.17317000E+00   0.18238705E+00
 0.46500000E+02   0.17555608E+00   0.18464008E+00
 0.47000000E+02   0.17731631E+00   0.17188774E+00
 0.47500000E+02   0.17480034E+00   0.16236023E+00
 0.48000000E+02   0.17474730E+00   0.16472766E+00
 0.48500000E+02   0.17844679E+00   0.15904505E+00
 0.49000000E+02   0.17976993E+00   0.14650012E+00
 0.49500000E+02   0.17877984E+00   0.14404554E+00
 0.50000000E+02   0.18095143E+00   0.14392886E+00
 0.50500000E+02   0.18511939E+00   0.13508061E+00
 0.51000000E+02   0.18660054E+00   0.12816425E+00
 0.51500000E+02   0.18710349E+00   0.12780373E+00
 0.52000000E+02   0.19059611E+00   0.12339298E+00
 0.52500000E+02   0.19433429E+00   0.11556515E+00
 0.53000000E+02   0.19534110E+00   0.11309247E+00
 0.53500000E+02   0.19716009E+00   0.11188934E+00
 0.54000000E+02   0.20120233E+00   0.10612730E+00
 0.54500000E+02   0.20340020E+00   0.10117909E+00
 0.55000000E+02   0.20365540E+00   0.99898055E-01
 0.55500000E+02   0.20636220E+00   0.97072965E-01
 0.56000000E+02   0.21009349E+00   0.92388492E-01
 0.56500000E+02   0.21107853E+00   0.90056873E-01
 0.57000000E+02   0.21157732E+00   0.88633017E-01
 0.57500000E+02   0.21434957E+00   0.85189173E-01
 0.58000000E+02   0.21644039E+00   0.81933835E-01
 0.58500000E+02   0.21636656E+00   0.80559230E-01
 0.59000000E+02   0.21725618E+00   0.78850243E-01
 0.59500000E+02   0.21894320E+00   0.76101149E-01
 0.60000000E+02   0.21861516E+00   0.74130418E-01
 0.60500000E+02   0.21734708E+00   0.72878469E-01
 0.61000000E+02   0.21766833E+00   0.70948263E-01
 0.61500000E+02   0.21763649E+00   0.68815321E-01
 0.62000000E+02   0.21551626E+00   0.67358352E-01
 0.62500000E+02   0.21358029E+00   0.65952679E-01
 0.63000000E+02   0.21256384E+00   0.64129347E-01
 0.63500000E+02   0.21075936E+00   0.62563369E-01
 0.64000000E+02   0.20780254E+00   0.61471233E-01
 0.64500000E+02   0.20528403E+00   0.60271576E-01
 0.65000000E+02   0.20243695E+00   0.58855380E-01
 0.65500000E+02   0.19822009E+00   0.57660109E-01
 0.66000000E+02   0.19396407E+00   0.56795031E-01
 0.66500000E+02   0.19065438E+00   0.55889811E-01
 0.67000000E+02   0.18683113E+00   0.54918605E-01
 0.67500000E+02   0.18191985E+00   0.53989876E-01
 0.68000000E+02   0.17686846E+00   0.53025974E-01
 0.68500000E+02   0.17220342E+00   0.51962977E-01
 0.69000000E+02   0.16739093E+00   0.50963261E-01
 0.69500000E+02   0.16236271E+00   0.50117670E-01
 0.70000000E+02   0.15759486E+00   0.49249973E-01
 0.70500000E+02   0.15251849E+00   0.48202948E-01
 0.71000000E+02   0.14674281E+00   0.47099909E-01
 0.71500000E+02   0.14093427E+00   0.46092674E-01
 0.72000000E+02   0.13558384E+00   0.45153302E-01
 0.72500000E+02   0.13019014E+00   0.44200334E-01
 0.73000000E+02   0.12459077E+00   0.43223903E-01
 0.73500000E+02   0.11895807E+00   0.42219797E-01
 0.74000000E+02   0.11345897E+00   0.41166550E-01
 0.74500000E+02   0.10792511E+00   0.40133812E-01
 0.75000000E+02   0.10254530E+00   0.39230015E-01
 0.75500000E+02   0.97565321E-01   0.38427032E-01
 0.76000000E+02   0.92734878E-01   0.37602087E-01
 0.76500000E+02   0.87900675E-01   0.36747721E-01
 0.77000000E+02   0.83260804E-01   0.35924664E-01
 0.77500000E+02   0.79019797E-01   0.35147376E-01
 0.78000000E+02   0.75064505E-01   0.34384819E-01
 0.78500000E+02   0.71278111E-01   0.33649240E-01
 0.79000000E+02   0.67702771E-01   0.32948712E-01
 0.79500000E+02   0.64372769E-01   0.32236895E-01
 0.80000000E+02   0.61260923E-01   0.31489899E-01
 0.80500000E+02   0.58420554E-01   0.30724392E-01
 0.81000000E+02   0.55952784E-01   0.29989919E-01
 0.81500000E+02   0.53821476E-01   0.29319630E-01
 0.82000000E+02   0.51913926E-01   0.28701497E-01
 0.82500000E+02   0.50214432E-01   0.28123173E-01
 0.83000000E+02   0.48798892E-01   0.27550387E-01
 0.83500000E+02   0.47752840E-01   0.26972562E-01
 0.84000000E+02   0.47082764E-01   0.26424733E-01
 0.84500000E+02   0.46731714E-01   0.25946114E-01
 0.85000000E+02   0.46619114E-01   0.25546490E-01
 0.85500000E+02   0.46668823E-01   0.25220434E-01
 0.86000000E+02   0.46883675E-01   0.24958985E-01
 0.86500000E+02   0.47338580E-01   0.24750991E-01
 0.87000000E+02   0.48064030E-01   0.24595543E-01
 0.87500000E+02   0.49046646E-01   0.24483388E-01
 0.88000000E+02   0.50257267E-01   0.24425039E-01
 0.88500000E+02   0.51681286E-01   0.24413823E-01
 0.89000000E+02   0.53275645E-01   0.24429713E-01
 0.89500000E+02   0.55013021E-01   0.24465242E-01
 0.90000000E+02   0.56868851E-01   0.24511271E-01
 0.90500000E+02   0.58841004E-01   0.24575714E-01
 0.91000000E+02   0.60947441E-01   0.24658682E-01
 0.91500000E+02   0.63202646E-01   0.24787215E-01
 0.92000000E+02   0.65611722E-01   0.24984493E-01
 0.92500000E+02   0.68159247E-01   0.25248638E-01
 0.93000000E+02   0.70787102E-01   0.25545403E-01
 0.93500000E+02   0.73448044E-01   0.25839783E-01
 0.94000000E+02   0.76132092E-01   0.26131896E-01
 0.94500000E+02   0.78833823E-01   0.26449139E-01
 0.95000000E+02   0.81543820E-01   0.26813292E-01
 0.95500000E+02   0.84304152E-01   0.27212677E-01
 0.96000000E+02   0.87045835E-01   0.27622880E-01
 0.96500000E+02   0.89764471E-01   0.28010941E-01
 0.97000000E+02   0.92457715E-01   0.28367471E-01
 0.97500000E+02   0.95072530E-01   0.28698637E-01
 0.98000000E+02   0.97644136E-01   0.29028608E-01
 0.98500000E+02   0.10008227E+00   0.29383337E-01
 0.99000000E+02   0.10247292E+00   0.29781640E-01
 0.99500000E+02   0.10470122E+00   0.30197894E-01
 0.10000000E+03   0.10677587E+00   0.30606766E-01
 0.10050000E+03   0.10869821E+00   0.30984596E-01
 0.10100000E+03   0.11052309E+00   0.31350272E-01
 0.10150000E+03   0.11228284E+00   0.31719134E-01
 0.10200000E+03   0.11404356E+00   0.32094696E-01
 0.10250000E+03   0.11558189E+00   0.32464006E-01
 0.10300000E+03   0.11689598E+00   0.32806957E-01
 0.10350000E+03   0.11801843E+00   0.33109964E-01
 0.10400000E+03   0.11897472E+00   0.33370617E-01
 0.10450000E+03   0.11977591E+00   0.33593005E-01
 0.10500000E+03   0.12053576E+00   0.33793567E-01
 0.10550000E+03   0.12127215E+00   0.33992227E-01
 0.10600000E+03   0.12194333E+00   0.34191486E-01
 0.10650000E+03   0.12242354E+00   0.34373994E-01
 0.10700000E+03   0.12269614E+00   0.34522804E-01
 0.10750000E+03   0.12274079E+00   0.34623958E-01
 0.10800000E+03   0.12264715E+00   0.34681585E-01
 0.10850000E+03   0.12253442E+00   0.34708885E-01
 0.10900000E+03   0.12237578E+00   0.34695979E-01
 0.10950000E+03   0.12213924E+00   0.34654067E-01
 0.11000000E+03   0.12176542E+00   0.34575437E-01
 0.11050000E+03   0.12121894E+00   0.34475868E-01
 0.11100000E+03   0.12046663E+00   0.34325086E-01
 0.11150000E+03   0.11955169E+00   0.34122268E-01
 0.11200000E+03   0.11850534E+00   0.33877436E-01
 0.11250000E+03   0.11741302E+00   0.33619245E-01
 0.11300000E+03   0.11633308E+00   0.33356923E-01
 0.11350000E+03   0.11523868E+00   0.33104819E-01
 0.11400000E+03   0.11402801E+00   0.32851403E-01
 0.11450000E+03   0.11267120E+00   0.32591240E-01
 0.11500000E+03   0.11124948E+00   0.32315600E-01
 0.11550000E+03   0.10974037E+00   0.32022680E-01
 0.11600000E+03   0.10820317E+00   0.31712546E-01
 0.11650000E+03   0.10671257E+00   0.31386542E-01
 0.11700000E+03   0.10518054E+00   0.31052827E-01
 0.11750000E+03   0.10360492E+00   0.30718573E-01
 0.11800000E+03   0.10199657E+00   0.30384299E-01
 0.11850000E+03   0.10034790E+00   0.30031596E-01
 0.11900000E+03   0.98641616E-01   0.29636723E-01
 0.11950000E+03   0.96886833E-01   0.29191079E-01
 0.12000000E+03   0.95072648E-01   0.28702632E-01
 0.12050000E+03   0.93272205E-01   0.28189157E-01
 0.12100000E+03   0.91532890E-01   0.27673054E-01
 0.12150000E+03   0.89846046E-01   0.27168047E-01
 0.12200000E+03   0.88221995E-01   0.26679660E-01
 0.12250000E+03   0.86586570E-01   0.26198488E-01
 0.12300000E+03   0.84897438E-01   0.25697083E-01
 0.12350000E+03   0.83109921E-01   0.25170770E-01
 0.12400000E+03   0.81326232E-01   0.24619956E-01
 0.12450000E+03   0.79590641E-01   0.24055605E-01
 0.12500000E+03   0.77996143E-01   0.23502290E-01
 0.12550000E+03   0.76588305E-01   0.22975880E-01
 0.12600000E+03   0.75269152E-01   0.22479026E-01
 0.12650000E+03   0.73969657E-01   0.22006268E-01
 0.12700000E+03   0.72587150E-01   0.21543400E-01
 0.12750000E+03   0.71112731E-01   0.21068632E-01
 0.12800000E+03   0.69597702E-01   0.20573758E-01
 0.12850000E+03   0.68107506E-01   0.20058545E-01
 0.12900000E+03   0.66744834E-01   0.19537003E-01
 0.12950000E+03   0.65527526E-01   0.19029452E-01
 0.13000000E+03   0.64407499E-01   0.18545884E-01
 0.13050000E+03   0.63329796E-01   0.18082064E-01
 0.13100000E+03   0.62223271E-01   0.17635536E-01
 0.13150000E+03   0.61062852E-01   0.17193712E-01
 0.13200000E+03   0.59841636E-01   0.16757647E-01
 0.13250000E+03   0.58614420E-01   0.16323581E-01
 0.13300000E+03   0.57458089E-01   0.15899623E-01
 0.13350000E+03   0.56439978E-01   0.15490720E-01
 0.13400000E+03   0.55586059E-01   0.15106657E-01
 0.13450000E+03   0.54868094E-01   0.14749970E-01
 0.13500000E+03   0.54204712E-01   0.14418970E-01
 0.13550000E+03   0.53519070E-01   0.14113516E-01
 0.13600000E+03   0.52778331E-01   0.13822888E-01
 0.13650000E+03   0.51989813E-01   0.13542300E-01
 0.13700000E+03   0.51199877E-01   0.13265063E-01
 0.13750000E+03   0.50472516E-01   0.12987415E-01
 0.13800000E+03   0.49850822E-01   0.12705091E-01
 0.13850000E+03   0.49345518E-01   0.12424919E-01
 0.13900000E+03   0.48940302E-01   0.12156341E-01
 0.13950000E+03   0.48610682E-01   0.11906849E-01
 0.14000000E+03   0.48257986E-01   0.11676833E-01
 0.14050000E+03   0.47907382E-01   0.11459020E-01
 0.14100000E+03   0.47537573E-01   0.11239618E-01
 0.14150000E+03   0.47189004E-01   0.11019750E-01
 0.14200000E+03   0.46873116E-01   0.10802641E-01
 0.14250000E+03   0.46624699E-01   0.10595617E-01
 0.14300000E+03   0.46413281E-01   0.10404324E-01
 0.14350000E+03   0.46246924E-01   0.10225456E-01
 0.14400000E+03   0.46118808E-01   0.10061126E-01
 0.14450000E+03   0.46010949E-01   0.99052482E-02
 0.14500000E+03   0.45920994E-01   0.97602271E-02
 0.14550000E+03   0.45828706E-01   0.96200877E-02
 0.14600000E+03   0.45721067E-01   0.94933997E-02
 0.14650000E+03   0.45598730E-01   0.93798546E-02
 0.14700000E+03   0.45422293E-01   0.92844063E-02
 0.14750000E+03   0.45267406E-01   0.92052516E-02
 0.14800000E+03   0.45125235E-01   0.91381484E-02
 0.14850000E+03   0.45006416E-01   0.90751182E-02
 0.14900000E+03   0.44918925E-01   0.90122145E-02
 0.14950000E+03   0.44866468E-01   0.89476522E-02
 0.15000000E+03   0.44834269E-01   0.88878964E-02
 0.15050000E+03   0.44830295E-01   0.88349336E-02
 0.15100000E+03   0.44830977E-01   0.87887782E-02
 0.15150000E+03   0.44839721E-01   0.87445525E-02
 0.15200000E+03   0.44840750E-01   0.87009062E-02
 0.15250000E+03   0.44839107E-01   0.86549367E-02
 0.15300000E+03   0.44848849E-01   0.86074338E-02
 0.15350000E+03   0.44860402E-01   0.85578168E-02
 0.15400000E+03   0.44880460E-01   0.85100853E-02
 0.15450000E+03   0.44910691E-01   0.84655144E-02
 0.15500000E+03   0.44967537E-01   0.84288984E-02
 0.15550000E+03   0.45042442E-01   0.83987930E-02
 0.15600000E+03   0.45199147E-01   0.83799287E-02
 0.15650000E+03   0.45382249E-01   0.83684599E-02
 0.15700000E+03   0.45577497E-01   0.83598677E-02
 0.15750000E+03   0.45808281E-01   0.83532924E-02
 0.15800000E+03   0.46006951E-01   0.83458206E-02
 0.15850000E+03   0.46196974E-01   0.83376287E-02
 0.15900000E+03   0.46338758E-01   0.83305503E-02
 0.15950000E+03   0.46452732E-01   0.83240600E-02
 0.16000000E+03   0.46558623E-01   0.83233366E-02
 0.16050000E+03   0.46641361E-01   0.83271911E-02
 0.16100000E+03   0.46735257E-01   0.83377477E-02
 0.16150000E+03   0.46813289E-01   0.83573756E-02
 0.16200000E+03   0.46955993E-01   0.83829336E-02
 0.16250000E+03   0.47049570E-01   0.84139230E-02
 0.16300000E+03   0.47145861E-01   0.84463197E-02
 0.16350000E+03   0.47228057E-01   0.84774163E-02
 0.16400000E+03   0.47289276E-01   0.85054911E-02
 0.16450000E+03   0.47266112E-01   0.85265018E-02
 0.16500000E+03   0.47230694E-01   0.85428435E-02
 0.16550000E+03   0.47174425E-01   0.85526125E-02
 0.16600000E+03   0.47101526E-01   0.85574912E-02
 0.16650000E+03   0.47081869E-01   0.85572847E-02
 0.16700000E+03   0.47064860E-01   0.85583944E-02
 0.16750000E+03   0.47158861E-01   0.85579954E-02
 0.16800000E+03   0.47329785E-01   0.85556129E-02
 0.16850000E+03   0.47656839E-01   0.85519360E-02
 0.16900000E+03   0.48005414E-01   0.85415149E-02
 0.16950000E+03   0.48392001E-01   0.85250591E-02
 0.17000000E+03   0.48780910E-01   0.85033084E-02
 0.17050000E+03   0.49073086E-01   0.84771033E-02
 0.17100000E+03   0.49268295E-01   0.84499879E-02
 0.17150000E+03   0.49316264E-01   0.84253068E-02
 0.17200000E+03   0.49276794E-01   0.84010505E-02
 0.17250000E+03   0.49113494E-01   0.83818112E-02
 0.17300000E+03   0.48907040E-01   0.83590980E-02
 0.17350000E+03   0.48687960E-01   0.83372197E-02
 0.17400000E+03   0.48493098E-01   0.83078990E-02
 0.17450000E+03   0.48358469E-01   0.82725963E-02
 0.17500000E+03   0.48324900E-01   0.82315281E-02
 0.17550000E+03   0.48376778E-01   0.81836701E-02
 0.17600000E+03   0.48555544E-01   0.81366816E-02
 0.17650000E+03   0.48792245E-01   0.80970389E-02
 0.17700000E+03   0.49125093E-01   0.80649052E-02
 0.17750000E+03   0.49531006E-01   0.80463400E-02
 0.17800000E+03   0.49938224E-01   0.80386431E-02
 0.17850000E+03   0.50375430E-01   0.80385714E-02
 0.17900000E+03   0.50659651E-01   0.80418466E-02
 0.17950000E+03   0.50883986E-01   0.80448398E-02
 0.18000000E+03   0.50923188E-01   0.80454816E-02
