 0.00000000E+00   0.12363036E+01  -0.24042000E-02   0.00000000E+00   0.38639945E+00   0.26822808E+00   0.00000000E+00
 0.50000000E+00   0.11570439E+01  -0.50283904E-02  -0.90529360E-02   0.42861994E+00   0.23548933E+00  -0.52696212E-01
 0.10000000E+01   0.10903379E+01  -0.14179030E-01  -0.11775020E-01   0.47944662E+00   0.18994740E+00  -0.39664645E-01
 0.15000000E+01   0.11587664E+01  -0.12821251E-01  -0.21951439E-01   0.46244182E+00   0.19619445E+00  -0.42182614E-01
 0.20000000E+01   0.11946589E+01   0.10023362E-01  -0.37010932E-01   0.44111104E+00   0.21822806E+00  -0.93780484E-01
 0.25000000E+01   0.11715351E+01   0.19645436E-01  -0.46721199E-01   0.47296174E+00   0.19982159E+00  -0.11910957E+00
 0.30000000E+01   0.12287571E+01   0.13484233E-01  -0.66855410E-01   0.50038543E+00   0.18136654E+00  -0.12674675E+00
 0.35000000E+01   0.13037444E+01   0.40267204E-01  -0.10261208E+00   0.49453909E+00   0.21073948E+00  -0.17496465E+00
 0.40000000E+01   0.13115729E+01   0.82387709E-01  -0.13745606E+00   0.51975032E+00   0.23774783E+00  -0.22676983E+00
 0.45000000E+01   0.13461685E+01   0.88168112E-01  -0.18076050E+00   0.58307956E+00   0.22889572E+00  -0.25698649E+00
 0.50000000E+01   0.13648326E+01   0.94465351E-01  -0.23661374E+00   0.60834954E+00   0.23784213E+00  -0.30745379E+00
 0.55000000E+01   0.11921092E+01   0.12499373E+00  -0.25308843E+00   0.57491307E+00   0.25796014E+00  -0.33654264E+00
 0.60000000E+01   0.90504715E+00   0.10988632E+00  -0.19680793E+00   0.51254741E+00   0.21566241E+00  -0.26786969E+00
 0.65000000E+01   0.72822495E+00   0.58868729E-01  -0.11852247E+00   0.41924925E+00   0.15127312E+00  -0.16660635E+00
 0.70000000E+01   0.70698970E+00   0.68540522E-01  -0.84380216E-01   0.33353649E+00   0.15514832E+00  -0.14071119E+00
 0.75000000E+01   0.76182982E+00   0.10519704E+00  -0.10683605E+00   0.33904909E+00   0.17808126E+00  -0.17426123E+00
 0.80000000E+01   0.77350769E+00   0.81712902E-01  -0.14300454E+00   0.39245416E+00   0.15455459E+00  -0.19664349E+00
 0.85000000E+01   0.65420034E+00   0.59876675E-01  -0.13202412E+00   0.36730113E+00   0.14478111E+00  -0.17898865E+00
 0.90000000E+01   0.55311812E+00   0.92556005E-01  -0.84347716E-01   0.30142499E+00   0.16739238E+00  -0.13927695E+00
 0.95000000E+01   0.63347959E+00   0.96879787E-01  -0.85482700E-01   0.31458149E+00   0.15393716E+00  -0.13454068E+00
 0.10000000E+02   0.68587001E+00   0.66187600E-01  -0.13324702E+00   0.35375696E+00   0.13329360E+00  -0.17367768E+00
 0.10500000E+02   0.54468450E+00   0.84472768E-01  -0.12587411E+00   0.32408086E+00   0.16156409E+00  -0.17347048E+00
 0.11000000E+02   0.48612369E+00   0.11121079E+00  -0.77575027E-01   0.29678007E+00   0.16896821E+00  -0.12588575E+00
 0.11500000E+02   0.61455990E+00   0.84084310E-01  -0.95155274E-01   0.32839394E+00   0.13107155E+00  -0.13285296E+00
 0.12000000E+02   0.60852369E+00   0.77917028E-01  -0.13808392E+00   0.33622397E+00   0.13998079E+00  -0.17900834E+00
 0.12500000E+02   0.46506030E+00   0.11552993E+00  -0.10874618E+00   0.30535305E+00   0.17572874E+00  -0.15721983E+00
 0.13000000E+02   0.50279284E+00   0.10849258E+00  -0.75974340E-01   0.31413866E+00   0.14916523E+00  -0.11659802E+00
 0.13500000E+02   0.60954437E+00   0.78614066E-01  -0.11260515E+00   0.33793411E+00   0.12457838E+00  -0.14963055E+00
 0.14000000E+02   0.52183501E+00   0.10404188E+00  -0.12988432E+00   0.31956471E+00   0.16490934E+00  -0.17567465E+00
 0.14500000E+02   0.44474657E+00   0.12437244E+00  -0.91016871E-01   0.31144729E+00   0.17440996E+00  -0.13313396E+00
 0.15000000E+02   0.54545156E+00   0.90673389E-01  -0.91462730E-01   0.33794373E+00   0.13210172E+00  -0.12187123E+00
 0.15500000E+02   0.56471940E+00   0.86454303E-01  -0.12959617E+00   0.33446347E+00   0.14263205E+00  -0.16325005E+00
 0.16000000E+02   0.45057013E+00   0.12159539E+00  -0.11845149E+00   0.31377079E+00   0.17979571E+00  -0.15627717E+00
 0.16500000E+02   0.46535356E+00   0.10938783E+00  -0.91904433E-01   0.33363014E+00   0.15249880E+00  -0.12036385E+00
 0.17000000E+02   0.55147280E+00   0.80265446E-01  -0.11601091E+00   0.34983180E+00   0.12718327E+00  -0.14131398E+00
 0.17500000E+02   0.49050762E+00   0.10568019E+00  -0.13480964E+00   0.32886193E+00   0.16237140E+00  -0.16675071E+00
 0.18000000E+02   0.42467274E+00   0.12350617E+00  -0.10894067E+00   0.33167230E+00   0.16743782E+00  -0.13796664E+00
 0.18500000E+02   0.49573295E+00   0.93169124E-01  -0.10421326E+00   0.35855389E+00   0.12790913E+00  -0.12727472E+00
 0.19000000E+02   0.51511251E+00   0.93160203E-01  -0.13109257E+00   0.34870853E+00   0.13813226E+00  -0.15910203E+00
 0.19500000E+02   0.43418848E+00   0.12471616E+00  -0.12580368E+00   0.33386749E+00   0.16857607E+00  -0.15589788E+00
 0.20000000E+02   0.44491702E+00   0.11074796E+00  -0.10451936E+00   0.35786179E+00   0.14183605E+00  -0.12763326E+00
 0.20500000E+02   0.50778148E+00   0.86553175E-01  -0.11987974E+00   0.36783323E+00   0.12148079E+00  -0.14223644E+00
 0.21000000E+02   0.46457106E+00   0.10943576E+00  -0.13518523E+00   0.34661128E+00   0.15296198E+00  -0.16121766E+00
 0.21500000E+02   0.41881155E+00   0.11970175E+00  -0.11727386E+00   0.35148505E+00   0.15646716E+00  -0.13843309E+00
 0.22000000E+02   0.46863314E+00   0.90922733E-01  -0.11407093E+00   0.37183839E+00   0.12395294E+00  -0.12961304E+00
 0.22500000E+02   0.47972596E+00   0.89885224E-01  -0.13549489E+00   0.36147421E+00   0.13145375E+00  -0.15307290E+00
 0.23000000E+02   0.42092467E+00   0.11157492E+00  -0.13273824E+00   0.35060910E+00   0.15285637E+00  -0.14994916E+00
 0.23500000E+02   0.42269272E+00   0.98725838E-01  -0.11784737E+00   0.36699061E+00   0.13080003E+00  -0.13010106E+00
 0.24000000E+02   0.45969251E+00   0.80027546E-01  -0.13023677E+00   0.37216176E+00   0.11407427E+00  -0.14232582E+00
 0.24500000E+02   0.42858776E+00   0.93969611E-01  -0.14166472E+00   0.35693296E+00   0.13393496E+00  -0.15514972E+00
 0.25000000E+02   0.39360648E+00   0.10006824E+00  -0.12849290E+00   0.35918884E+00   0.13251008E+00  -0.13845564E+00
 0.25500000E+02   0.42060507E+00   0.79805937E-01  -0.12669365E+00   0.37549307E+00   0.10507018E+00  -0.13470154E+00
 0.26000000E+02   0.42736297E+00   0.76352739E-01  -0.14197578E+00   0.37172681E+00   0.10824956E+00  -0.15177528E+00
 0.26500000E+02   0.38561376E+00   0.92356568E-01  -0.13893925E+00   0.35853655E+00   0.12563261E+00  -0.14693024E+00
 0.27000000E+02   0.37986113E+00   0.86715629E-01  -0.12759693E+00   0.36592172E+00   0.11002252E+00  -0.13185499E+00
 0.27500000E+02   0.40567750E+00   0.68782225E-01  -0.13636952E+00   0.37617604E+00   0.93360670E-01  -0.14062168E+00
 0.28000000E+02   0.38682948E+00   0.75869162E-01  -0.14443863E+00   0.36324247E+00   0.10821014E+00  -0.14806246E+00
 0.28500000E+02   0.35513506E+00   0.86813149E-01  -0.13402939E+00   0.35452300E+00   0.11150418E+00  -0.13452679E+00
 0.29000000E+02   0.37068710E+00   0.70147445E-01  -0.13193772E+00   0.36908683E+00   0.88729496E-01  -0.13174506E+00
 0.29500000E+02   0.37957166E+00   0.59485607E-01  -0.14376299E+00   0.36738151E+00   0.88241149E-01  -0.14351257E+00
 0.30000000E+02   0.34487424E+00   0.75105585E-01  -0.14193439E+00   0.34517589E+00   0.10388158E+00  -0.13877773E+00
 0.30500000E+02   0.33388973E+00   0.72493293E-01  -0.13267020E+00   0.35039502E+00   0.89338501E-01  -0.12819069E+00
 0.31000000E+02   0.35470342E+00   0.50355695E-01  -0.14013299E+00   0.36573104E+00   0.71613396E-01  -0.13596014E+00
 0.31500000E+02   0.33787030E+00   0.57380738E-01  -0.14728954E+00   0.34572797E+00   0.85967541E-01  -0.14054275E+00
 0.32000000E+02   0.30598989E+00   0.71394939E-01  -0.13747499E+00   0.33132095E+00   0.89171297E-01  -0.12840553E+00
 0.32500000E+02   0.31707712E+00   0.51247911E-01  -0.13516742E+00   0.35079642E+00   0.65929675E-01  -0.12643032E+00
 0.33000000E+02   0.32321474E+00   0.40588713E-01  -0.14630118E+00   0.34667096E+00   0.66568346E-01  -0.13560385E+00
 0.33500000E+02   0.29011616E+00   0.60563800E-01  -0.14342415E+00   0.31910366E+00   0.82219574E-01  -0.12984996E+00
 0.34000000E+02   0.27986817E+00   0.56209873E-01  -0.13325241E+00   0.32758955E+00   0.67789654E-01  -0.12043343E+00
 0.34500000E+02   0.29635078E+00   0.34061348E-01  -0.14002649E+00   0.34028897E+00   0.54032517E-01  -0.12685123E+00
 0.35000000E+02   0.27950234E+00   0.45361717E-01  -0.14583022E+00   0.31350613E+00   0.69259701E-01  -0.12907363E+00
 0.35500000E+02   0.25417148E+00   0.57394760E-01  -0.13551662E+00   0.30258938E+00   0.69783825E-01  -0.11821456E+00
 0.36000000E+02   0.26386017E+00   0.37239930E-01  -0.13410531E+00   0.32250588E+00   0.50488789E-01  -0.11782902E+00
 0.36500000E+02   0.26486817E+00   0.33716118E-01  -0.14379546E+00   0.31018166E+00   0.55535725E-01  -0.12451237E+00
 0.37000000E+02   0.23792598E+00   0.52948352E-01  -0.13832755E+00   0.28327462E+00   0.67428855E-01  -0.11698472E+00
 0.37500000E+02   0.23272272E+00   0.44495689E-01  -0.12904691E+00   0.29454597E+00   0.53289073E-01  -0.10937581E+00
 0.38000000E+02   0.24371133E+00   0.28462567E-01  -0.13681482E+00   0.30033535E+00   0.45867698E-01  -0.11569181E+00
 0.38500000E+02   0.22878657E+00   0.42565839E-01  -0.14016985E+00   0.27210770E+00   0.59790981E-01  -0.11552688E+00
 0.39000000E+02   0.21179775E+00   0.49098100E-01  -0.12884847E+00   0.26572671E+00   0.57995477E-01  -0.10519062E+00
 0.39500000E+02   0.21888421E+00   0.31895901E-01  -0.12854259E+00   0.27953560E+00   0.45005350E-01  -0.10555170E+00
 0.40000000E+02   0.21762331E+00   0.33607451E-01  -0.13665875E+00   0.26237463E+00   0.51531186E-01  -0.10987797E+00
 0.40500000E+02   0.19979882E+00   0.48045686E-01  -0.12981115E+00   0.24189211E+00   0.58297745E-01  -0.10215847E+00
 0.41000000E+02   0.19711107E+00   0.39996272E-01  -0.12217427E+00   0.25228045E+00   0.47550609E-01  -0.97043163E-01
 0.41500000E+02   0.20281438E+00   0.32299796E-01  -0.12893292E+00   0.25109396E+00   0.45382044E-01  -0.10242107E+00
 0.42000000E+02   0.19310443E+00   0.44753392E-01  -0.12902888E+00   0.22707226E+00   0.55027408E-01  -0.10018652E+00
 0.42500000E+02   0.18348130E+00   0.47083238E-01  -0.11807306E+00   0.22398261E+00   0.51968082E-01  -0.91294643E-01
 0.43000000E+02   0.18756048E+00   0.36521427E-01  -0.11852462E+00   0.23144962E+00   0.44922013E-01  -0.92272532E-01
 0.43500000E+02   0.18690774E+00   0.41205265E-01  -0.12382455E+00   0.21527470E+00   0.50993688E-01  -0.94564993E-01
 0.44000000E+02   0.17779563E+00   0.50279982E-01  -0.11617124E+00   0.20111415E+00   0.54715840E-01  -0.87168432E-01
 0.44500000E+02   0.17668261E+00   0.44420978E-01  -0.11006699E+00   0.20751333E+00   0.48787693E-01  -0.83430661E-01
 0.45000000E+02   0.18068133E+00   0.41935809E-01  -0.11533660E+00   0.20271059E+00   0.49664491E-01  -0.86956864E-01
 0.45500000E+02   0.17744784E+00   0.50813208E-01  -0.11374848E+00   0.18474432E+00   0.55866536E-01  -0.83458650E-01
 0.46000000E+02   0.17317000E+00   0.52032845E-01  -0.10444323E+00   0.18238705E+00   0.54143364E-01  -0.76181007E-01
 0.46500000E+02   0.17555608E+00   0.47526307E-01  -0.10451135E+00   0.18464008E+00   0.51536026E-01  -0.76898538E-01
 0.47000000E+02   0.17731631E+00   0.51990642E-01  -0.10696191E+00   0.17188774E+00   0.55731369E-01  -0.77648618E-01
 0.47500000E+02   0.17480034E+00   0.57051338E-01  -0.99651257E-01   0.16236023E+00   0.57669763E-01  -0.71563393E-01
 0.48000000E+02   0.17474730E+00   0.54489187E-01  -0.94487424E-01   0.16472766E+00   0.55359740E-01  -0.68813181E-01
 0.48500000E+02   0.17844679E+00   0.54862767E-01  -0.97156786E-01   0.15904505E+00   0.57009026E-01  -0.70528903E-01
 0.49000000E+02   0.17976993E+00   0.59891041E-01  -0.94204513E-01   0.14650012E+00   0.60339248E-01  -0.66708336E-01
 0.49500000E+02   0.17877984E+00   0.60198194E-01  -0.86472141E-01   0.14404554E+00   0.59632815E-01  -0.60940615E-01
 0.50000000E+02   0.18095143E+00   0.58808816E-01  -0.86041129E-01   0.14392886E+00   0.59156180E-01  -0.61066119E-01
 0.50500000E+02   0.18511939E+00   0.62109142E-01  -0.87018351E-01   0.13508061E+00   0.61609007E-01  -0.60813867E-01
 0.51000000E+02   0.18660054E+00   0.64986162E-01  -0.80829782E-01   0.12816425E+00   0.62540376E-01  -0.55785666E-01
 0.51500000E+02   0.18710349E+00   0.64333925E-01  -0.75926824E-01   0.12780373E+00   0.61770579E-01  -0.53135266E-01
 0.52000000E+02   0.19059611E+00   0.65103425E-01  -0.76440718E-01   0.12339298E+00   0.62641655E-01  -0.53523640E-01
 0.52500000E+02   0.19433429E+00   0.67518016E-01  -0.73495716E-01   0.11556515E+00   0.63750889E-01  -0.50401354E-01
 0.53000000E+02   0.19534110E+00   0.68081646E-01  -0.67323815E-01   0.11309247E+00   0.63326170E-01  -0.46220933E-01
 0.53500000E+02   0.19716009E+00   0.68251448E-01  -0.65570584E-01   0.11188934E+00   0.63288390E-01  -0.45900690E-01
 0.54000000E+02   0.20120233E+00   0.69595830E-01  -0.64721624E-01   0.10612730E+00   0.64140091E-01  -0.45259404E-01
 0.54500000E+02   0.20340020E+00   0.70151631E-01  -0.59512806E-01   0.10117909E+00   0.64230929E-01  -0.41411383E-01
 0.55000000E+02   0.20365540E+00   0.69903949E-01  -0.55359804E-01   0.99898055E-01   0.63924032E-01  -0.38969259E-01
 0.55500000E+02   0.20636220E+00   0.70560472E-01  -0.55028981E-01   0.97072965E-01   0.64166838E-01  -0.38667355E-01
 0.56000000E+02   0.21009349E+00   0.71207602E-01  -0.52665812E-01   0.92388492E-01   0.64338360E-01  -0.36428758E-01
 0.56500000E+02   0.21107853E+00   0.70845956E-01  -0.47842297E-01   0.90056873E-01   0.64310366E-01  -0.33326601E-01
 0.57000000E+02   0.21157732E+00   0.70458041E-01  -0.45566750E-01   0.88633017E-01   0.64577204E-01  -0.32325176E-01
 0.57500000E+02   0.21434957E+00   0.70241081E-01  -0.44506706E-01   0.85189173E-01   0.64662087E-01  -0.31124575E-01
 0.58000000E+02   0.21644039E+00   0.69573526E-01  -0.41025373E-01   0.81933835E-01   0.64180490E-01  -0.27931630E-01
 0.58500000E+02   0.21636656E+00   0.68860642E-01  -0.37587674E-01   0.80559230E-01   0.63696935E-01  -0.25527793E-01
 0.59000000E+02   0.21725618E+00   0.68186434E-01  -0.36246631E-01   0.78850243E-01   0.63232811E-01  -0.24734100E-01
 0.59500000E+02   0.21894320E+00   0.66842258E-01  -0.34073940E-01   0.76101149E-01   0.62333155E-01  -0.23060495E-01
 0.60000000E+02   0.21861516E+00   0.65301219E-01  -0.30475485E-01   0.74130418E-01   0.61324183E-01  -0.20631964E-01
 0.60500000E+02   0.21734708E+00   0.64265522E-01  -0.28396487E-01   0.72878469E-01   0.60446090E-01  -0.19366906E-01
 0.61000000E+02   0.21766833E+00   0.63102549E-01  -0.27505511E-01   0.70948263E-01   0.59251368E-01  -0.18432382E-01
 0.61500000E+02   0.21763649E+00   0.61355201E-01  -0.25324602E-01   0.68815321E-01   0.57808391E-01  -0.16620883E-01
 0.62000000E+02   0.21551626E+00   0.59691095E-01  -0.22746641E-01   0.67358352E-01   0.56572888E-01  -0.15187875E-01
 0.62500000E+02   0.21358029E+00   0.58161598E-01  -0.21464819E-01   0.65952679E-01   0.55305495E-01  -0.14789090E-01
 0.63000000E+02   0.21256384E+00   0.56198604E-01  -0.20309074E-01   0.64129347E-01   0.53709666E-01  -0.14065878E-01
 0.63500000E+02   0.21075936E+00   0.54139354E-01  -0.18413172E-01   0.62563369E-01   0.52223938E-01  -0.12770530E-01
 0.64000000E+02   0.20780254E+00   0.52369766E-01  -0.17004229E-01   0.61471233E-01   0.50990895E-01  -0.11981805E-01
 0.64500000E+02   0.20528403E+00   0.50332437E-01  -0.16280231E-01   0.60271576E-01   0.49524488E-01  -0.11513014E-01
 0.65000000E+02   0.20243695E+00   0.47839101E-01  -0.14976181E-01   0.58855380E-01   0.47803208E-01  -0.10536636E-01
 0.65500000E+02   0.19822009E+00   0.45587086E-01  -0.13354012E-01   0.57660109E-01   0.46241497E-01  -0.95194671E-02
 0.66000000E+02   0.19396407E+00   0.43641364E-01  -0.12557037E-01   0.56795031E-01   0.44757211E-01  -0.90860822E-02
 0.66500000E+02   0.19065438E+00   0.41382585E-01  -0.12209502E-01   0.55889811E-01   0.43069828E-01  -0.86710992E-02
 0.67000000E+02   0.18683113E+00   0.38895154E-01  -0.11446292E-01   0.54918605E-01   0.41365416E-01  -0.78805301E-02
 0.67500000E+02   0.18191985E+00   0.36624228E-01  -0.10660655E-01   0.53989876E-01   0.39786507E-01  -0.72025367E-02
 0.68000000E+02   0.17686846E+00   0.34370034E-01  -0.10360831E-01   0.53025974E-01   0.38110765E-01  -0.68040858E-02
 0.68500000E+02   0.17220342E+00   0.31916183E-01  -0.10144386E-01   0.51962977E-01   0.36348872E-01  -0.63363936E-02
 0.69000000E+02   0.16739093E+00   0.29568966E-01  -0.98197792E-02   0.50963261E-01   0.34768899E-01  -0.58942423E-02
 0.69500000E+02   0.16236271E+00   0.27410767E-01  -0.97785656E-02   0.50117670E-01   0.33312536E-01  -0.58482419E-02
 0.70000000E+02   0.15759486E+00   0.25140486E-01  -0.99740690E-02   0.49249973E-01   0.31698587E-01  -0.60096778E-02
 0.70500000E+02   0.15251849E+00   0.22840514E-01  -0.99594223E-02   0.48202948E-01   0.30006282E-01  -0.60351881E-02
 0.71000000E+02   0.14674281E+00   0.20838204E-01  -0.98227042E-02   0.47099909E-01   0.28448099E-01  -0.60563317E-02
 0.71500000E+02   0.14093427E+00   0.19072575E-01  -0.99928333E-02   0.46092674E-01   0.26980584E-01  -0.62760863E-02
 0.72000000E+02   0.13558384E+00   0.17255992E-01  -0.10383664E-01   0.45153302E-01   0.25520065E-01  -0.65579355E-02
 0.72500000E+02   0.13019014E+00   0.15482369E-01  -0.10719118E-01   0.44200334E-01   0.24139938E-01  -0.67802781E-02
 0.73000000E+02   0.12459077E+00   0.13917068E-01  -0.11041624E-01   0.43223903E-01   0.22864695E-01  -0.70545470E-02
 0.73500000E+02   0.11895807E+00   0.12483190E-01  -0.11475196E-01   0.42219797E-01   0.21616063E-01  -0.74008090E-02
 0.74000000E+02   0.11345897E+00   0.11120853E-01  -0.11915957E-01   0.41166550E-01   0.20440429E-01  -0.77091516E-02
 0.74500000E+02   0.10792511E+00   0.99388226E-02  -0.12344483E-01   0.40133812E-01   0.19419764E-01  -0.80201721E-02
 0.75000000E+02   0.10254530E+00   0.89131719E-02  -0.12890489E-01   0.39230015E-01   0.18498755E-01  -0.84449778E-02
 0.75500000E+02   0.97565321E-01   0.79190225E-02  -0.13557839E-01   0.38427032E-01   0.17580932E-01  -0.89320915E-02
 0.76000000E+02   0.92734878E-01   0.69901879E-02  -0.14167840E-01   0.37602087E-01   0.16701143E-01  -0.93563683E-02
 0.76500000E+02   0.87900675E-01   0.62596406E-02  -0.14692809E-01   0.36747721E-01   0.15946643E-01  -0.97558861E-02
 0.77000000E+02   0.83260804E-01   0.56974533E-02  -0.15247318E-01   0.35924664E-01   0.15280234E-01  -0.10194227E-01
 0.77500000E+02   0.79019797E-01   0.52006626E-02  -0.15847201E-01   0.35147376E-01   0.14662171E-01  -0.10636912E-01
 0.78000000E+02   0.75064505E-01   0.47808688E-02  -0.16403920E-01   0.34384819E-01   0.14117752E-01  -0.11034590E-01
 0.78500000E+02   0.71278111E-01   0.45165003E-02  -0.16904732E-01   0.33649240E-01   0.13676114E-01  -0.11417670E-01
 0.79000000E+02   0.67702771E-01   0.44238837E-02  -0.17383131E-01   0.32948712E-01   0.13325727E-01  -0.11815844E-01
 0.79500000E+02   0.64372769E-01   0.44899895E-02  -0.17825535E-01   0.32236895E-01   0.13067768E-01  -0.12183864E-01
 0.80000000E+02   0.61260923E-01   0.47215086E-02  -0.18214785E-01   0.31489899E-01   0.12938517E-01  -0.12493827E-01
 0.80500000E+02   0.58420554E-01   0.50826298E-02  -0.18597286E-01   0.30724392E-01   0.12915449E-01  -0.12764095E-01
 0.81000000E+02   0.55952784E-01   0.54936580E-02  -0.18996596E-01   0.29989919E-01   0.12953506E-01  -0.13031534E-01
 0.81500000E+02   0.53821476E-01   0.59426940E-02  -0.19374537E-01   0.29319630E-01   0.13042976E-01  -0.13301204E-01
 0.82000000E+02   0.51913926E-01   0.65021801E-02  -0.19673411E-01   0.28701497E-01   0.13199148E-01  -0.13560877E-01
 0.82500000E+02   0.50214432E-01   0.72240948E-02  -0.19898178E-01   0.28123173E-01   0.13432338E-01  -0.13801945E-01
 0.83000000E+02   0.48798892E-01   0.80757353E-02  -0.20074374E-01   0.27550387E-01   0.13742196E-01  -0.13995124E-01
 0.83500000E+02   0.47752840E-01   0.89936699E-02  -0.20225374E-01   0.26972562E-01   0.14123833E-01  -0.14122177E-01
 0.84000000E+02   0.47082764E-01   0.99299293E-02  -0.20355850E-01   0.26424733E-01   0.14548288E-01  -0.14208705E-01
 0.84500000E+02   0.46731714E-01   0.10874262E-01  -0.20460947E-01   0.25946114E-01   0.14988077E-01  -0.14282917E-01
 0.85000000E+02   0.46619114E-01   0.11857702E-01  -0.20519977E-01   0.25546490E-01   0.15442320E-01  -0.14348574E-01
 0.85500000E+02   0.46668823E-01   0.12924125E-01  -0.20516821E-01   0.25220434E-01   0.15920326E-01  -0.14393976E-01
 0.86000000E+02   0.46883675E-01   0.14089203E-01  -0.20452949E-01   0.24958985E-01   0.16434657E-01  -0.14406158E-01
 0.86500000E+02   0.47338580E-01   0.15319593E-01  -0.20345355E-01   0.24750991E-01   0.16966569E-01  -0.14380461E-01
 0.87000000E+02   0.48064030E-01   0.16578144E-01  -0.20192956E-01   0.24595543E-01   0.17513375E-01  -0.14316674E-01
 0.87500000E+02   0.49046646E-01   0.17847037E-01  -0.19985905E-01   0.24483388E-01   0.18056881E-01  -0.14220131E-01
 0.88000000E+02   0.50257267E-01   0.19110290E-01  -0.19737412E-01   0.24425039E-01   0.18603198E-01  -0.14102370E-01
 0.88500000E+02   0.51681286E-01   0.20363769E-01  -0.19468285E-01   0.24413823E-01   0.19177684E-01  -0.13952220E-01
 0.89000000E+02   0.53275645E-01   0.21619513E-01  -0.19192364E-01   0.24429713E-01   0.19805017E-01  -0.13744944E-01
 0.89500000E+02   0.55013021E-01   0.22884547E-01  -0.18909521E-01   0.24465242E-01   0.20489807E-01  -0.13466263E-01
 0.90000000E+02   0.56868851E-01   0.24151750E-01  -0.18610479E-01   0.24511271E-01   0.21198699E-01  -0.13118481E-01
 0.90500000E+02   0.58841004E-01   0.25395947E-01  -0.18284751E-01   0.24575714E-01   0.21901689E-01  -0.12720238E-01
 0.91000000E+02   0.60947441E-01   0.26609811E-01  -0.17928260E-01   0.24658682E-01   0.22582885E-01  -0.12290483E-01
 0.91500000E+02   0.63202646E-01   0.27803992E-01  -0.17542661E-01   0.24787215E-01   0.23258450E-01  -0.11850546E-01
 0.92000000E+02   0.65611722E-01   0.28970110E-01  -0.17147365E-01   0.24984493E-01   0.23929574E-01  -0.11411881E-01
 0.92500000E+02   0.68159247E-01   0.30090849E-01  -0.16764560E-01   0.25248638E-01   0.24586582E-01  -0.10965990E-01
 0.93000000E+02   0.70787102E-01   0.31138938E-01  -0.16399522E-01   0.25545403E-01   0.25205565E-01  -0.10492892E-01
 0.93500000E+02   0.73448044E-01   0.32113191E-01  -0.16051319E-01   0.25839783E-01   0.25764390E-01  -0.99861528E-02
 0.94000000E+02   0.76132092E-01   0.33023817E-01  -0.15712700E-01   0.26131896E-01   0.26268746E-01  -0.94652195E-02
 0.94500000E+02   0.78833823E-01   0.33884987E-01  -0.15372470E-01   0.26449139E-01   0.26724964E-01  -0.89664228E-02
 0.95000000E+02   0.81543820E-01   0.34705715E-01  -0.15031835E-01   0.26813292E-01   0.27150291E-01  -0.85136898E-02
 0.95500000E+02   0.84304152E-01   0.35492817E-01  -0.14697206E-01   0.27212677E-01   0.27545876E-01  -0.80995584E-02
 0.96000000E+02   0.87045835E-01   0.36220463E-01  -0.14356747E-01   0.27622880E-01   0.27922032E-01  -0.76917456E-02
 0.96500000E+02   0.89764471E-01   0.36879403E-01  -0.14023870E-01   0.28010941E-01   0.28264294E-01  -0.72684420E-02
 0.97000000E+02   0.92457715E-01   0.37468866E-01  -0.13719423E-01   0.28367471E-01   0.28568043E-01  -0.68330425E-02
 0.97500000E+02   0.95072530E-01   0.37998568E-01  -0.13461616E-01   0.28698637E-01   0.28829846E-01  -0.64101430E-02
 0.98000000E+02   0.97644136E-01   0.38491480E-01  -0.13273218E-01   0.29028608E-01   0.29049346E-01  -0.60221083E-02
 0.98500000E+02   0.10008227E+00   0.38940068E-01  -0.13123404E-01   0.29383337E-01   0.29227639E-01  -0.56746027E-02
 0.99000000E+02   0.10247292E+00   0.39345480E-01  -0.12985776E-01   0.29781640E-01   0.29376955E-01  -0.53576155E-02
 0.99500000E+02   0.10470122E+00   0.39691001E-01  -0.12828600E-01   0.30197894E-01   0.29485276E-01  -0.50489523E-02
 0.10000000E+03   0.10677587E+00   0.39977288E-01  -0.12662148E-01   0.30606766E-01   0.29561374E-01  -0.47412288E-02
 0.10050000E+03   0.10869821E+00   0.40225954E-01  -0.12521336E-01   0.30984596E-01   0.29604559E-01  -0.44296531E-02
 0.10100000E+03   0.11052309E+00   0.40440613E-01  -0.12451361E-01   0.31350272E-01   0.29633543E-01  -0.41251036E-02
 0.10150000E+03   0.11228284E+00   0.40628913E-01  -0.12473593E-01   0.31719134E-01   0.29647865E-01  -0.38323911E-02
 0.10200000E+03   0.11404356E+00   0.40780208E-01  -0.12584979E-01   0.32094696E-01   0.29647247E-01  -0.35591882E-02
 0.10250000E+03   0.11558189E+00   0.40854169E-01  -0.12730665E-01   0.32464006E-01   0.29627793E-01  -0.32967637E-02
 0.10300000E+03   0.11689598E+00   0.40867319E-01  -0.12879155E-01   0.32806957E-01   0.29581973E-01  -0.30383127E-02
 0.10350000E+03   0.11801843E+00   0.40837749E-01  -0.13018365E-01   0.33109964E-01   0.29516122E-01  -0.27836883E-02
 0.10400000E+03   0.11897472E+00   0.40800413E-01  -0.13163887E-01   0.33370617E-01   0.29434270E-01  -0.25431716E-02
 0.10450000E+03   0.11977591E+00   0.40760835E-01  -0.13358738E-01   0.33593005E-01   0.29336215E-01  -0.23383051E-02
 0.10500000E+03   0.12053576E+00   0.40702239E-01  -0.13631367E-01   0.33793567E-01   0.29212395E-01  -0.21782067E-02
 0.10550000E+03   0.12127215E+00   0.40597155E-01  -0.13979287E-01   0.33992227E-01   0.29053648E-01  -0.20555108E-02
 0.10600000E+03   0.12194333E+00   0.40432592E-01  -0.14350950E-01   0.34191486E-01   0.28849496E-01  -0.19633230E-02
 0.10650000E+03   0.12242354E+00   0.40215517E-01  -0.14691958E-01   0.34373994E-01   0.28599433E-01  -0.18946272E-02
 0.10700000E+03   0.12269614E+00   0.39988768E-01  -0.14998585E-01   0.34522804E-01   0.28310973E-01  -0.18578477E-02
 0.10750000E+03   0.12274079E+00   0.39768052E-01  -0.15296083E-01   0.34623958E-01   0.27998847E-01  -0.18549890E-02
 0.10800000E+03   0.12264715E+00   0.39563879E-01  -0.15614905E-01   0.34681585E-01   0.27680121E-01  -0.18887658E-02
 0.10850000E+03   0.12253442E+00   0.39377924E-01  -0.15978746E-01   0.34708885E-01   0.27366053E-01  -0.19525950E-02
 0.10900000E+03   0.12237578E+00   0.39183755E-01  -0.16383017E-01   0.34695979E-01   0.27048635E-01  -0.20492579E-02
 0.10950000E+03   0.12213924E+00   0.38970489E-01  -0.16796458E-01   0.34654067E-01   0.26726994E-01  -0.21835675E-02
 0.11000000E+03   0.12176542E+00   0.38745488E-01  -0.17200349E-01   0.34575437E-01   0.26387199E-01  -0.23502372E-02
 0.11050000E+03   0.12121894E+00   0.38522169E-01  -0.17552695E-01   0.34475868E-01   0.26049528E-01  -0.25411280E-02
 0.11100000E+03   0.12046663E+00   0.38317156E-01  -0.17847245E-01   0.34325086E-01   0.25722804E-01  -0.27382723E-02
 0.11150000E+03   0.11955169E+00   0.38172320E-01  -0.18109306E-01   0.34122268E-01   0.25430989E-01  -0.29370806E-02
 0.11200000E+03   0.11850534E+00   0.38069185E-01  -0.18381433E-01   0.33877436E-01   0.25171494E-01  -0.31486999E-02
 0.11250000E+03   0.11741302E+00   0.37982262E-01  -0.18704237E-01   0.33619245E-01   0.24928531E-01  -0.33833157E-02
 0.11300000E+03   0.11633308E+00   0.37879889E-01  -0.19062365E-01   0.33356923E-01   0.24670756E-01  -0.36369832E-02
 0.11350000E+03   0.11523868E+00   0.37743271E-01  -0.19411178E-01   0.33104819E-01   0.24391744E-01  -0.39025544E-02
 0.11400000E+03   0.11402801E+00   0.37588157E-01  -0.19710576E-01   0.32851403E-01   0.24095627E-01  -0.41762215E-02
 0.11450000E+03   0.11267120E+00   0.37436536E-01  -0.19937736E-01   0.32591240E-01   0.23794909E-01  -0.44495238E-02
 0.11500000E+03   0.11124948E+00   0.37312669E-01  -0.20139786E-01   0.32315600E-01   0.23496301E-01  -0.47100737E-02
 0.11550000E+03   0.10974037E+00   0.37205962E-01  -0.20330509E-01   0.32022680E-01   0.23218078E-01  -0.49466903E-02
 0.11600000E+03   0.10820317E+00   0.37107410E-01  -0.20534661E-01   0.31712546E-01   0.22954168E-01  -0.51572251E-02
 0.11650000E+03   0.10671257E+00   0.37015270E-01  -0.20764261E-01   0.31386542E-01   0.22698812E-01  -0.53512834E-02
 0.11700000E+03   0.10518054E+00   0.36901343E-01  -0.20998494E-01   0.31052827E-01   0.22445542E-01  -0.55397426E-02
 0.11750000E+03   0.10360492E+00   0.36767987E-01  -0.21209037E-01   0.30718573E-01   0.22179386E-01  -0.57354428E-02
 0.11800000E+03   0.10199657E+00   0.36621947E-01  -0.21381130E-01   0.30384299E-01   0.21910426E-01  -0.59293516E-02
 0.11850000E+03   0.10034790E+00   0.36477648E-01  -0.21501545E-01   0.30031596E-01   0.21654179E-01  -0.61113141E-02
 0.11900000E+03   0.98641616E-01   0.36350295E-01  -0.21565389E-01   0.29636723E-01   0.21416541E-01  -0.62678096E-02
 0.11950000E+03   0.96886833E-01   0.36239904E-01  -0.21593088E-01   0.29191079E-01   0.21205033E-01  -0.63947999E-02
 0.12000000E+03   0.95072648E-01   0.36132813E-01  -0.21591571E-01   0.28702632E-01   0.21015301E-01  -0.64966415E-02
 0.12050000E+03   0.93272205E-01   0.36016809E-01  -0.21584622E-01   0.28189157E-01   0.20846171E-01  -0.65771227E-02
 0.12100000E+03   0.91532890E-01   0.35886748E-01  -0.21594129E-01   0.27673054E-01   0.20691733E-01  -0.66508028E-02
 0.12150000E+03   0.89846046E-01   0.35738143E-01  -0.21614421E-01   0.27168047E-01   0.20536952E-01  -0.67298853E-02
 0.12200000E+03   0.88221995E-01   0.35566494E-01  -0.21642703E-01   0.26679660E-01   0.20370165E-01  -0.68175032E-02
 0.12250000E+03   0.86586570E-01   0.35366631E-01  -0.21635600E-01   0.26198488E-01   0.20181157E-01  -0.69136060E-02
 0.12300000E+03   0.84897438E-01   0.35148371E-01  -0.21553351E-01   0.25697083E-01   0.19968463E-01  -0.70017848E-02
 0.12350000E+03   0.83109921E-01   0.34915240E-01  -0.21377418E-01   0.25170770E-01   0.19757387E-01  -0.70802976E-02
 0.12400000E+03   0.81326232E-01   0.34691842E-01  -0.21153124E-01   0.24619956E-01   0.19554791E-01  -0.71506456E-02
 0.12450000E+03   0.79590641E-01   0.34472062E-01  -0.20929318E-01   0.24055605E-01   0.19362587E-01  -0.72165278E-02
 0.12500000E+03   0.77996143E-01   0.34245791E-01  -0.20756012E-01   0.23502290E-01   0.19176232E-01  -0.72844710E-02
 0.12550000E+03   0.76588305E-01   0.34005962E-01  -0.20630726E-01   0.22975880E-01   0.18979011E-01  -0.73585280E-02
 0.12600000E+03   0.75269152E-01   0.33742301E-01  -0.20503470E-01   0.22479026E-01   0.18767370E-01  -0.74349605E-02
 0.12650000E+03   0.73969657E-01   0.33462972E-01  -0.20316399E-01   0.22006268E-01   0.18542143E-01  -0.75103375E-02
 0.12700000E+03   0.72587150E-01   0.33171861E-01  -0.20029614E-01   0.21543400E-01   0.18301386E-01  -0.75828619E-02
 0.12750000E+03   0.71112731E-01   0.32872905E-01  -0.19645633E-01   0.21068632E-01   0.18049502E-01  -0.76364720E-02
 0.12800000E+03   0.69597702E-01   0.32569989E-01  -0.19207453E-01   0.20573758E-01   0.17800088E-01  -0.76644992E-02
 0.12850000E+03   0.68107506E-01   0.32261109E-01  -0.18765625E-01   0.20058545E-01   0.17563773E-01  -0.76600779E-02
 0.12900000E+03   0.66744834E-01   0.31953422E-01  -0.18366137E-01   0.19537003E-01   0.17348220E-01  -0.76287984E-02
 0.12950000E+03   0.65527526E-01   0.31646506E-01  -0.18012539E-01   0.19029452E-01   0.17148898E-01  -0.75817347E-02
 0.13000000E+03   0.64407499E-01   0.31324648E-01  -0.17675171E-01   0.18545884E-01   0.16951543E-01  -0.75277028E-02
 0.13050000E+03   0.63329796E-01   0.30980827E-01  -0.17308487E-01   0.18082064E-01   0.16743074E-01  -0.74629543E-02
 0.13100000E+03   0.62223271E-01   0.30613612E-01  -0.16866886E-01   0.17635536E-01   0.16520646E-01  -0.73892505E-02
 0.13150000E+03   0.61062852E-01   0.30231158E-01  -0.16342921E-01   0.17193712E-01   0.16287099E-01  -0.72994266E-02
 0.13200000E+03   0.59841636E-01   0.29835676E-01  -0.15750247E-01   0.16757647E-01   0.16050124E-01  -0.71937635E-02
 0.13250000E+03   0.58614420E-01   0.29428682E-01  -0.15139361E-01   0.16323581E-01   0.15808820E-01  -0.70704118E-02
 0.13300000E+03   0.57458089E-01   0.29012382E-01  -0.14560738E-01   0.15899623E-01   0.15570106E-01  -0.69281605E-02
 0.13350000E+03   0.56439978E-01   0.28595023E-01  -0.14048309E-01   0.15490720E-01   0.15333608E-01  -0.67682680E-02
 0.13400000E+03   0.55586059E-01   0.28170106E-01  -0.13602593E-01   0.15106657E-01   0.15099941E-01  -0.65962556E-02
 0.13450000E+03   0.54868094E-01   0.27731047E-01  -0.13191380E-01   0.14749970E-01   0.14862459E-01  -0.64195107E-02
 0.13500000E+03   0.54204712E-01   0.27261390E-01  -0.12771173E-01   0.14418970E-01   0.14611772E-01  -0.62462677E-02
 0.13550000E+03   0.53519070E-01   0.26749100E-01  -0.12306710E-01   0.14113516E-01   0.14351049E-01  -0.60840707E-02
 0.13600000E+03   0.52778331E-01   0.26201322E-01  -0.11784086E-01   0.13822888E-01   0.14079455E-01  -0.59289269E-02
 0.13650000E+03   0.51989813E-01   0.25631193E-01  -0.11222439E-01   0.13542300E-01   0.13805305E-01  -0.57741512E-02
 0.13700000E+03   0.51199877E-01   0.25068608E-01  -0.10653118E-01   0.13265063E-01   0.13533401E-01  -0.56067629E-02
 0.13750000E+03   0.50472516E-01   0.24513551E-01  -0.10121917E-01   0.12987415E-01   0.13260623E-01  -0.54224870E-02
 0.13800000E+03   0.49850822E-01   0.23972106E-01  -0.96461844E-02   0.12705091E-01   0.12978689E-01  -0.52170089E-02
 0.13850000E+03   0.49345518E-01   0.23437157E-01  -0.92172772E-02   0.12424919E-01   0.12690681E-01  -0.49962730E-02
 0.13900000E+03   0.48940302E-01   0.22890220E-01  -0.88032974E-02   0.12156341E-01   0.12403342E-01  -0.47641640E-02
 0.13950000E+03   0.48610682E-01   0.22323318E-01  -0.83721676E-02   0.11906849E-01   0.12119223E-01  -0.45310776E-02
 0.14000000E+03   0.48257986E-01   0.21725881E-01  -0.78945029E-02   0.11676833E-01   0.11836280E-01  -0.43021621E-02
 0.14050000E+03   0.47907382E-01   0.21106896E-01  -0.73823816E-02   0.11459020E-01   0.11548437E-01  -0.40755180E-02
 0.14100000E+03   0.47537573E-01   0.20470159E-01  -0.68478341E-02   0.11239618E-01   0.11243651E-01  -0.38451144E-02
 0.14150000E+03   0.47189004E-01   0.19838148E-01  -0.63135598E-02   0.11019750E-01   0.10929480E-01  -0.36031398E-02
 0.14200000E+03   0.46873116E-01   0.19210367E-01  -0.57990954E-02   0.10802641E-01   0.10607783E-01  -0.33493205E-02
 0.14250000E+03   0.46624699E-01   0.18595976E-01  -0.53173001E-02   0.10595617E-01   0.10286912E-01  -0.30844862E-02
 0.14300000E+03   0.46413281E-01   0.17981148E-01  -0.48640285E-02   0.10404324E-01   0.99658582E-02  -0.28164905E-02
 0.14350000E+03   0.46246924E-01   0.17363751E-01  -0.44396242E-02   0.10225456E-01   0.96452951E-02  -0.25469527E-02
 0.14400000E+03   0.46118808E-01   0.16749463E-01  -0.40335000E-02   0.10061126E-01   0.93221039E-02  -0.22856903E-02
 0.14450000E+03   0.46010949E-01   0.16127804E-01  -0.36360368E-02   0.99052482E-02   0.89913142E-02  -0.20293287E-02
 0.14500000E+03   0.45920994E-01   0.15505845E-01  -0.32378447E-02   0.97602271E-02   0.86517279E-02  -0.17813316E-02
 0.14550000E+03   0.45828706E-01   0.14875902E-01  -0.28356232E-02   0.96200877E-02   0.82944100E-02  -0.15420376E-02
 0.14600000E+03   0.45721067E-01   0.14243233E-01  -0.24282030E-02   0.94933997E-02   0.79281617E-02  -0.13164106E-02
 0.14650000E+03   0.45598730E-01   0.13607180E-01  -0.20243150E-02   0.93798546E-02   0.75580617E-02  -0.11054967E-02
 0.14700000E+03   0.45422293E-01   0.12978156E-01  -0.16321657E-02   0.92844063E-02   0.71936118E-02  -0.90753434E-03
 0.14750000E+03   0.45267406E-01   0.12371535E-01  -0.12653095E-02   0.92052516E-02   0.68396951E-02  -0.72060917E-03
 0.14800000E+03   0.45125235E-01   0.11793652E-01  -0.93212601E-03   0.91381484E-02   0.64927661E-02  -0.54312367E-03
 0.14850000E+03   0.45006416E-01   0.11236463E-01  -0.63800910E-03   0.90751182E-02   0.61478244E-02  -0.37547249E-03
 0.14900000E+03   0.44918925E-01   0.10693653E-01  -0.38064303E-03   0.90122145E-02   0.58007065E-02  -0.21371881E-03
 0.14950000E+03   0.44866468E-01   0.10152574E-01  -0.15050655E-03   0.89476522E-02   0.54486264E-02  -0.58646991E-04
 0.15000000E+03   0.44834269E-01   0.95955473E-02   0.65859457E-04   0.88878964E-02   0.50982523E-02   0.88621993E-04
 0.15050000E+03   0.44830295E-01   0.90193429E-02   0.27383241E-03   0.88349336E-02   0.47522790E-02   0.22915575E-03
 0.15100000E+03   0.44830977E-01   0.84203220E-02   0.47754071E-03   0.87887782E-02   0.44114254E-02   0.35766186E-03
 0.15150000E+03   0.44839721E-01   0.78102520E-02   0.67489121E-03   0.87445525E-02   0.40758954E-02   0.47426125E-03
 0.15200000E+03   0.44840750E-01   0.71954136E-02   0.86324157E-03   0.87009062E-02   0.37464977E-02   0.58305885E-03
 0.15250000E+03   0.44839107E-01   0.65887407E-02   0.10420826E-02   0.86549367E-02   0.34183694E-02   0.68624202E-03
 0.15300000E+03   0.44848849E-01   0.59953257E-02   0.12121842E-02   0.86074338E-02   0.30877403E-02   0.79097780E-03
 0.15350000E+03   0.44860402E-01   0.54212246E-02   0.13711447E-02   0.85578168E-02   0.27460823E-02   0.90046705E-03
 0.15400000E+03   0.44880460E-01   0.48646865E-02   0.15231888E-02   0.85100853E-02   0.23940131E-02   0.10157284E-02
 0.15450000E+03   0.44910691E-01   0.43309240E-02   0.16625439E-02   0.84655144E-02   0.20310992E-02   0.11351978E-02
 0.15500000E+03   0.44967537E-01   0.38181795E-02   0.17880551E-02   0.84288984E-02   0.16628244E-02   0.12576600E-02
 0.15550000E+03   0.45042442E-01   0.33214663E-02   0.19036416E-02   0.83987930E-02   0.12938607E-02   0.13812100E-02
 0.15600000E+03   0.45199147E-01   0.28357921E-02   0.20071245E-02   0.83799287E-02   0.92963255E-03   0.15015398E-02
 0.15650000E+03   0.45382249E-01   0.23503657E-02   0.21054327E-02   0.83684599E-02   0.57422090E-03   0.16147298E-02
 0.15700000E+03   0.45577497E-01   0.18550140E-02   0.22007579E-02   0.83598677E-02   0.22683444E-03   0.17168232E-02
 0.15750000E+03   0.45808281E-01   0.13583810E-02   0.23000473E-02   0.83532924E-02  -0.11166565E-03   0.18066250E-02
 0.15800000E+03   0.46006951E-01   0.86348328E-03   0.24047009E-02   0.83458206E-02  -0.44155300E-03   0.18829490E-02
 0.15850000E+03   0.46196974E-01   0.37975344E-03   0.25133579E-02   0.83376287E-02  -0.76549346E-03   0.19477380E-02
 0.15900000E+03   0.46338758E-01  -0.82859275E-04   0.26194036E-02   0.83305503E-02  -0.10855487E-02   0.20025116E-02
 0.15950000E+03   0.46452732E-01  -0.51437264E-03   0.27155498E-02   0.83240600E-02  -0.14023454E-02   0.20497459E-02
 0.16000000E+03   0.46558623E-01  -0.91241793E-03   0.27928028E-02   0.83233366E-02  -0.17188916E-02   0.20940438E-02
 0.16050000E+03   0.46641361E-01  -0.12801487E-02   0.28458182E-02   0.83271911E-02  -0.20351118E-02   0.21370390E-02
 0.16100000E+03   0.46735257E-01  -0.16234403E-02   0.28719758E-02   0.83377477E-02  -0.23497832E-02   0.21801011E-02
 0.16150000E+03   0.46813289E-01  -0.19525339E-02   0.28728510E-02   0.83573756E-02  -0.26630744E-02   0.22256964E-02
 0.16200000E+03   0.46955993E-01  -0.22743158E-02   0.28534589E-02   0.83829336E-02  -0.29717248E-02   0.22683927E-02
 0.16250000E+03   0.47049570E-01  -0.25980314E-02   0.28142922E-02   0.84139230E-02  -0.32673613E-02   0.23038722E-02
 0.16300000E+03   0.47145861E-01  -0.29268694E-02   0.27653707E-02   0.84463197E-02  -0.35473973E-02   0.23280536E-02
 0.16350000E+03   0.47228057E-01  -0.32579187E-02   0.27095090E-02   0.84774163E-02  -0.38031952E-02   0.23376179E-02
 0.16400000E+03   0.47289276E-01  -0.35901079E-02   0.26528371E-02   0.85054911E-02  -0.40367885E-02   0.23327572E-02
 0.16450000E+03   0.47266112E-01  -0.39189615E-02   0.25980564E-02   0.85265018E-02  -0.42494618E-02   0.23145542E-02
 0.16500000E+03   0.47230694E-01  -0.42361981E-02   0.25494235E-02   0.85428435E-02  -0.44514321E-02   0.22860597E-02
 0.16550000E+03   0.47174425E-01  -0.45379013E-02   0.25070120E-02   0.85526125E-02  -0.46494991E-02   0.22490308E-02
 0.16600000E+03   0.47101526E-01  -0.48192382E-02   0.24674824E-02   0.85574912E-02  -0.48521143E-02   0.22077398E-02
 0.16650000E+03   0.47081869E-01  -0.50802564E-02   0.24300535E-02   0.85572847E-02  -0.50588200E-02   0.21618180E-02
 0.16700000E+03   0.47064860E-01  -0.53232576E-02   0.23911438E-02   0.85583944E-02  -0.52666722E-02   0.21146265E-02
 0.16750000E+03   0.47158861E-01  -0.55570861E-02   0.23487932E-02   0.85579954E-02  -0.54630972E-02   0.20688121E-02
 0.16800000E+03   0.47329785E-01  -0.57918836E-02   0.22993194E-02   0.85556129E-02  -0.56385519E-02   0.20214461E-02
 0.16850000E+03   0.47656839E-01  -0.60379071E-02   0.22446415E-02   0.85519360E-02  -0.57850978E-02   0.19758926E-02
 0.16900000E+03   0.48005414E-01  -0.62957988E-02   0.21837743E-02   0.85415149E-02  -0.59031322E-02   0.19245198E-02
 0.16950000E+03   0.48392001E-01  -0.65712302E-02   0.21241307E-02   0.85250591E-02  -0.59965562E-02   0.18677150E-02
 0.17000000E+03   0.48780910E-01  -0.68530227E-02   0.20703521E-02   0.85033084E-02  -0.60805907E-02   0.18018093E-02
 0.17050000E+03   0.49073086E-01  -0.71249664E-02   0.20241078E-02   0.84771033E-02  -0.61625845E-02   0.17262475E-02
 0.17100000E+03   0.49268295E-01  -0.73684318E-02   0.19855486E-02   0.84499879E-02  -0.62550601E-02   0.16395230E-02
 0.17150000E+03   0.49316264E-01  -0.75689551E-02   0.19481181E-02   0.84253068E-02  -0.63570010E-02   0.15460150E-02
 0.17200000E+03   0.49276794E-01  -0.77305621E-02   0.19077247E-02   0.84010505E-02  -0.64608577E-02   0.14479185E-02
 0.17250000E+03   0.49113494E-01  -0.78436931E-02   0.18547668E-02   0.83818112E-02  -0.65636703E-02   0.13486730E-02
 0.17300000E+03   0.48907040E-01  -0.79239083E-02   0.17862367E-02   0.83590980E-02  -0.66474482E-02   0.12524366E-02
 0.17350000E+03   0.48687960E-01  -0.79781071E-02   0.16945136E-02   0.83372197E-02  -0.67138269E-02   0.11632904E-02
 0.17400000E+03   0.48493098E-01  -0.80240829E-02   0.15805323E-02   0.83078990E-02  -0.67546653E-02   0.10814393E-02
 0.17450000E+03   0.48358469E-01  -0.80740372E-02   0.14468248E-02   0.82725963E-02  -0.67763205E-02   0.10054466E-02
 0.17500000E+03   0.48324900E-01  -0.81348692E-02   0.12976649E-02   0.82315281E-02  -0.67837143E-02   0.93279639E-03
 0.17550000E+03   0.48376778E-01  -0.82155553E-02   0.11386723E-02   0.81836701E-02  -0.67799741E-02   0.85778030E-03
 0.17600000E+03   0.48555544E-01  -0.83209724E-02   0.97641599E-03   0.81366816E-02  -0.67755353E-02   0.77641203E-03
 0.17650000E+03   0.48792245E-01  -0.84464198E-02   0.81657108E-03   0.80970389E-02  -0.67751607E-02   0.68701977E-03
 0.17700000E+03   0.49125093E-01  -0.85947052E-02   0.66416036E-03   0.80649052E-02  -0.67790674E-02   0.59030624E-03
 0.17750000E+03   0.49531006E-01  -0.87594236E-02   0.52280119E-03   0.80463400E-02  -0.67873012E-02   0.48971305E-03
 0.17800000E+03   0.49938224E-01  -0.89247243E-02   0.39413608E-03   0.80386431E-02  -0.67945795E-02   0.38871080E-03
 0.17850000E+03   0.50375430E-01  -0.90828677E-02   0.27967486E-03   0.80385714E-02  -0.67975325E-02   0.28956278E-03
 0.17900000E+03   0.50659651E-01  -0.92070531E-02   0.17740713E-03   0.80418466E-02  -0.67939743E-02   0.19224409E-03
 0.17950000E+03   0.50883986E-01  -0.92911579E-02   0.85934184E-04   0.80448398E-02  -0.67885100E-02   0.95935645E-04
 0.18000000E+03   0.50923188E-01  -0.93171776E-02   0.11912120E-17   0.80454816E-02  -0.67854862E-02   0.13461034E-17
